ZONE I=5
0 8.20415e-10 1 0 0 0 0 
0.00025 0.0157093 1 0 0 0 0 
0.0005 0.0314108 1 0 0 0 0 
0.00075 0.0471045 1 0 0 0 0 
0.001 0.0627905 1 0 0 0 0 
ZONE I=5
0.001 0.0627905 1 0 0 0 0 
0.00125 0.078461 1 0 0 0 0 
0.0015 0.0941083 1 0 0 0 0 
0.00175 0.109732 1 0 0 0 0 
0.002 0.125333 1 0 0 0 0 
ZONE I=5
0.002 0.125333 1 0 0 0 0 
0.00225 0.140903 1 0 0 0 0 
0.0025 0.156434 1 0 0 0 0 
0.00275 0.171927 1 0 0 0 0 
0.003 0.187381 1 0 0 0 0 
ZONE I=5
0.003 0.187381 1 0 0 0 0 
0.00325 0.202789 1 0 0 0 0 
0.0035 0.218143 1 0 0 0 0 
0.00375 0.233443 1 0 0 0 0 
0.004 0.24869 1 0 0 0 0 
ZONE I=5
0.004 0.24869 1 0 0 0 0 
0.00425 0.263875 1 0 0 0 0 
0.0045 0.278991 1 0 0 0 0 
0.00475 0.294038 1 0 0 0 0 
0.005 0.309017 1 0 0 0 0 
ZONE I=5
0.005 0.309017 1 0 0 0 0 
0.00525 0.323919 1 0 0 0 0 
0.0055 0.338738 1 0 0 0 0 
0.00575 0.353473 1 0 0 0 0 
0.006 0.368125 1 0 0 0 0 
ZONE I=5
0.006 0.368125 1 0 0 0 0 
0.00625 0.382685 1 0 0 0 0 
0.0065 0.397148 1 0 0 0 0 
0.00675 0.411513 1 0 0 0 0 
0.007 0.425779 1 0 0 0 0 
ZONE I=5
0.007 0.425779 1 0 0 0 0 
0.00725 0.439941 1 0 0 0 0 
0.0075 0.45399 1 0 0 0 0 
0.00775 0.467928 1 0 0 0 0 
0.008 0.481754 1 0 0 0 0 
ZONE I=5
0.008 0.481754 1 0 0 0 0 
0.00825 0.49546 1 0 0 0 0 
0.0085 0.509041 1 0 0 0 0 
0.00875 0.522497 1 0 0 0 0 
0.009 0.535827 1 0 0 0 0 
ZONE I=5
0.009 0.535827 1 0 0 0 0 
0.00925 0.549024 1 0 0 0 0 
0.0095 0.562083 1 0 0 0 0 
0.00975 0.575004 1 0 0 0 0 
0.01 0.587785 1 0 0 0 0 
ZONE I=5
0.01 0.587785 1 0 0 0 0 
0.01025 0.600422 1 0 0 0 0 
0.0105 0.612907 1 0 0 0 0 
0.01075 0.625241 1 0 0 0 0 
0.011 0.637424 1 0 0 0 0 
ZONE I=5
0.011 0.637424 1 0 0 0 0 
0.01125 0.64945 1 0 0 0 0 
0.0115 0.661312 1 0 0 0 0 
0.01175 0.673011 1 0 0 0 0 
0.012 0.684547 1 0 0 0 0 
ZONE I=5
0.012 0.684547 1 0 0 0 0 
0.01225 0.695914 1 0 0 0 0 
0.0125 0.707107 1 0 0 0 0 
0.01275 0.718125 1 0 0 0 0 
0.013 0.728969 1 0 0 0 0 
ZONE I=5
0.013 0.728969 1 0 0 0 0 
0.01325 0.739632 1 0 0 0 0 
0.0135 0.750111 1 0 0 0 0 
0.01375 0.760405 1 0 0 0 0 
0.014 0.770513 1 0 0 0 0 
ZONE I=5
0.014 0.770513 1 0 0 0 0 
0.01425 0.780432 1 0 0 0 0 
0.0145 0.790155 1 0 0 0 0 
0.01475 0.799683 1 0 0 0 0 
0.015 0.809017 1 0 0 0 0 
ZONE I=5
0.015 0.809017 1 0 0 0 0 
0.01525 0.818151 1 0 0 0 0 
0.0155 0.827081 1 0 0 0 0 
0.01575 0.835806 1 0 0 0 0 
0.016 0.844328 1 0 0 0 0 
ZONE I=5
0.016 0.844328 1 0 0 0 0 
0.01625 0.852641 1 0 0 0 0 
0.0165 0.860742 1 0 0 0 0 
0.01675 0.868631 1 0 0 0 0 
0.017 0.876307 1 0 0 0 0 
ZONE I=5
0.017 0.876307 1 0 0 0 0 
0.01725 0.883767 1 0 0 0 0 
0.0175 0.891007 1 0 0 0 0 
0.01775 0.898027 1 0 0 0 0 
0.018 0.904827 1 0 0 0 0 
ZONE I=5
0.018 0.904827 1 0 0 0 0 
0.01825 0.911404 1 0 0 0 0 
0.0185 0.917755 1 0 0 0 0 
0.01875 0.923879 1 0 0 0 0 
0.019 0.929776 1 0 0 0 0 
ZONE I=5
0.019 0.929776 1 0 0 0 0 
0.01925 0.935445 1 0 0 0 0 
0.0195 0.940881 1 0 0 0 0 
0.01975 0.946085 1 0 0 0 0 
0.02 0.951057 1 0 0 0 0 
ZONE I=5
0.02 0.951057 1 0 0 0 0 
0.02025 0.955794 1 0 0 0 0 
0.0205 0.960294 1 0 0 0 0 
0.02075 0.964557 1 0 0 0 0 
0.021 0.968583 1 0 0 0 0 
ZONE I=5
0.021 0.968583 1 0 0 0 0 
0.02125 0.97237 1 0 0 0 0 
0.0215 0.975917 1 0 0 0 0 
0.02175 0.979222 1 0 0 0 0 
0.022 0.982287 1 0 0 0 0 
ZONE I=5
0.022 0.982287 1 0 0 0 0 
0.02225 0.98511 1 0 0 0 0 
0.0225 0.987688 1 0 0 0 0 
0.02275 0.990023 1 0 0 0 0 
0.023 0.992115 1 0 0 0 0 
ZONE I=5
0.023 0.992115 1 0 0 0 0 
0.02325 0.993961 1 0 0 0 0 
0.0235 0.995562 1 0 0 0 0 
0.02375 0.996917 1 0 0 0 0 
0.024 0.998027 1 0 0 0 0 
ZONE I=5
0.024 0.998027 1 0 0 0 0 
0.02425 0.99889 1 0 0 0 0 
0.0245 0.999507 1 0 0 0 0 
0.02475 0.999877 1 0 0 0 0 
0.025 1 1 0 0 0 0 
ZONE I=5
0.025 1 1 0 0 0 0 
0.02525 0.999877 1 0 0 0 0 
0.0255 0.999507 1 0 0 0 0 
0.02575 0.99889 1 0 0 0 0 
0.026 0.998027 1 0 0 0 0 
ZONE I=5
0.026 0.998027 1 0 0 0 0 
0.02625 0.996917 1 0 0 0 0 
0.0265 0.995562 1 0 0 0 0 
0.02675 0.993961 1 0 0 0 0 
0.027 0.992115 1 0 0 0 0 
ZONE I=5
0.027 0.992115 1 0 0 0 0 
0.02725 0.990023 1 0 0 0 0 
0.0275 0.987688 1 0 0 0 0 
0.02775 0.98511 1 0 0 0 0 
0.028 0.982287 1 0 0 0 0 
ZONE I=5
0.028 0.982287 1 0 0 0 0 
0.02825 0.979222 1 0 0 0 0 
0.0285 0.975917 1 0 0 0 0 
0.02875 0.97237 1 0 0 0 0 
0.029 0.968583 1 0 0 0 0 
ZONE I=5
0.029 0.968583 1 0 0 0 0 
0.02925 0.964557 1 0 0 0 0 
0.0295 0.960294 1 0 0 0 0 
0.02975 0.955794 1 0 0 0 0 
0.03 0.951057 1 0 0 0 0 
ZONE I=5
0.03 0.951057 1 0 0 0 0 
0.03025 0.946085 1 0 0 0 0 
0.0305 0.940881 1 0 0 0 0 
0.03075 0.935445 1 0 0 0 0 
0.031 0.929776 1 0 0 0 0 
ZONE I=5
0.031 0.929776 1 0 0 0 0 
0.03125 0.923879 1 0 0 0 0 
0.0315 0.917755 1 0 0 0 0 
0.03175 0.911404 1 0 0 0 0 
0.032 0.904827 1 0 0 0 0 
ZONE I=5
0.032 0.904827 1 0 0 0 0 
0.03225 0.898027 1 0 0 0 0 
0.0325 0.891007 1 0 0 0 0 
0.03275 0.883767 1 0 0 0 0 
0.033 0.876307 1 0 0 0 0 
ZONE I=5
0.033 0.876307 1 0 0 0 0 
0.03325 0.868631 1 0 0 0 0 
0.0335 0.860742 1 0 0 0 0 
0.03375 0.852641 1 0 0 0 0 
0.034 0.844328 1 0 0 0 0 
ZONE I=5
0.034 0.844328 1 0 0 0 0 
0.03425 0.835806 1 0 0 0 0 
0.0345 0.827081 1 0 0 0 0 
0.03475 0.818151 1 0 0 0 0 
0.035 0.809017 1 0 0 0 0 
ZONE I=5
0.035 0.809017 1 0 0 0 0 
0.03525 0.799683 1 0 0 0 0 
0.0355 0.790155 1 0 0 0 0 
0.03575 0.780432 1 0 0 0 0 
0.036 0.770513 1 0 0 0 0 
ZONE I=5
0.036 0.770513 1 0 0 0 0 
0.03625 0.760405 1 0 0 0 0 
0.0365 0.750111 1 0 0 0 0 
0.03675 0.739632 1 0 0 0 0 
0.037 0.728969 1 0 0 0 0 
ZONE I=5
0.037 0.728969 1 0 0 0 0 
0.03725 0.718125 1 0 0 0 0 
0.0375 0.707107 1 0 0 0 0 
0.03775 0.695914 1 0 0 0 0 
0.038 0.684547 1 0 0 0 0 
ZONE I=5
0.038 0.684547 1 0 0 0 0 
0.03825 0.673011 1 0 0 0 0 
0.0385 0.661312 1 0 0 0 0 
0.03875 0.64945 1 0 0 0 0 
0.039 0.637424 1 0 0 0 0 
ZONE I=5
0.039 0.637424 1 0 0 0 0 
0.03925 0.625241 1 0 0 0 0 
0.0395 0.612907 1 0 0 0 0 
0.03975 0.600422 1 0 0 0 0 
0.04 0.587785 1 0 0 0 0 
ZONE I=5
0.04 0.587785 1 0 0 0 0 
0.04025 0.575004 1 0 0 0 0 
0.0405 0.562083 1 0 0 0 0 
0.04075 0.549024 1 0 0 0 0 
0.041 0.535827 1 0 0 0 0 
ZONE I=5
0.041 0.535827 1 0 0 0 0 
0.04125 0.522497 1 0 0 0 0 
0.0415 0.509041 1 0 0 0 0 
0.04175 0.49546 1 0 0 0 0 
0.042 0.481754 1 0 0 0 0 
ZONE I=5
0.042 0.481754 1 0 0 0 0 
0.04225 0.467928 1 0 0 0 0 
0.0425 0.45399 1 0 0 0 0 
0.04275 0.439941 1 0 0 0 0 
0.043 0.425779 1 0 0 0 0 
ZONE I=5
0.043 0.425779 1 0 0 0 0 
0.04325 0.411513 1 0 0 0 0 
0.0435 0.397148 1 0 0 0 0 
0.04375 0.382685 1 0 0 0 0 
0.044 0.368125 1 0 0 0 0 
ZONE I=5
0.044 0.368125 1 0 0 0 0 
0.04425 0.353473 1 0 0 0 0 
0.0445 0.338738 1 0 0 0 0 
0.04475 0.323919 1 0 0 0 0 
0.045 0.309017 1 0 0 0 0 
ZONE I=5
0.045 0.309017 1 0 0 0 0 
0.04525 0.294038 1 0 0 0 0 
0.0455 0.278991 1 0 0 0 0 
0.04575 0.263875 1 0 0 0 0 
0.046 0.24869 1 0 0 0 0 
ZONE I=5
0.046 0.24869 1 0 0 0 0 
0.04625 0.233443 1 0 0 0 0 
0.0465 0.218143 1 0 0 0 0 
0.04675 0.202789 1 0 0 0 0 
0.047 0.187381 1 0 0 0 0 
ZONE I=5
0.047 0.187381 1 0 0 0 0 
0.04725 0.171927 1 0 0 0 0 
0.0475 0.156434 1 0 0 0 0 
0.04775 0.140903 1 0 0 0 0 
0.048 0.125333 1 0 0 0 0 
ZONE I=5
0.048 0.125333 1 0 0 0 0 
0.04825 0.109732 1 0 0 0 0 
0.0485 0.0941083 1 0 0 0 0 
0.04875 0.078461 1 0 0 0 0 
0.049 0.0627905 1 0 0 0 0 
ZONE I=5
0.049 0.0627905 1 0 0 0 0 
0.04925 0.0471045 1 0 0 0 0 
0.0495 0.0314108 1 0 0 0 0 
0.04975 0.0157093 1 0 0 0 0 
0.05 -4.10207e-10 1 0 0 0 0 
ZONE I=5
0.05 -4.10207e-10 1 0 0 0 0 
0.05025 -0.0157093 1 0 0 0 0 
0.0505 -0.0314108 1 0 0 0 0 
0.05075 -0.0471045 1 0 0 0 0 
0.051 -0.0627905 1 0 0 0 0 
ZONE I=5
0.051 -0.0627905 1 0 0 0 0 
0.05125 -0.078461 1 0 0 0 0 
0.0515 -0.0941083 1 0 0 0 0 
0.05175 -0.109732 1 0 0 0 0 
0.052 -0.125333 1 0 0 0 0 
ZONE I=5
0.052 -0.125333 1 0 0 0 0 
0.05225 -0.140903 1 0 0 0 0 
0.0525 -0.156434 1 0 0 0 0 
0.05275 -0.171927 1 0 0 0 0 
0.053 -0.187381 1 0 0 0 0 
ZONE I=5
0.053 -0.187381 1 0 0 0 0 
0.05325 -0.202789 1 0 0 0 0 
0.0535 -0.218143 1 0 0 0 0 
0.05375 -0.233443 1 0 0 0 0 
0.054 -0.24869 1 0 0 0 0 
ZONE I=5
0.054 -0.24869 1 0 0 0 0 
0.05425 -0.263875 1 0 0 0 0 
0.0545 -0.278991 1 0 0 0 0 
0.05475 -0.294038 1 0 0 0 0 
0.055 -0.309017 1 0 0 0 0 
ZONE I=5
0.055 -0.309017 1 0 0 0 0 
0.05525 -0.323919 1 0 0 0 0 
0.0555 -0.338738 1 0 0 0 0 
0.05575 -0.353473 1 0 0 0 0 
0.056 -0.368125 1 0 0 0 0 
ZONE I=5
0.056 -0.368125 1 0 0 0 0 
0.05625 -0.382685 1 0 0 0 0 
0.0565 -0.397148 1 0 0 0 0 
0.05675 -0.411513 1 0 0 0 0 
0.057 -0.425779 1 0 0 0 0 
ZONE I=5
0.057 -0.425779 1 0 0 0 0 
0.05725 -0.439941 1 0 0 0 0 
0.0575 -0.453991 1 0 0 0 0 
0.05775 -0.467928 1 0 0 0 0 
0.058 -0.481754 1 0 0 0 0 
ZONE I=5
0.058 -0.481754 1 0 0 0 0 
0.05825 -0.49546 1 0 0 0 0 
0.0585 -0.509041 1 0 0 0 0 
0.05875 -0.522497 1 0 0 0 0 
0.059 -0.535827 1 0 0 0 0 
ZONE I=5
0.059 -0.535827 1 0 0 0 0 
0.05925 -0.549024 1 0 0 0 0 
0.0595 -0.562083 1 0 0 0 0 
0.05975 -0.575004 1 0 0 0 0 
0.06 -0.587785 1 0 0 0 0 
ZONE I=5
0.06 -0.587785 1 0 0 0 0 
0.06025 -0.600422 1 0 0 0 0 
0.0605 -0.612907 1 0 0 0 0 
0.06075 -0.625241 1 0 0 0 0 
0.061 -0.637424 1 0 0 0 0 
ZONE I=5
0.061 -0.637424 1 0 0 0 0 
0.06125 -0.64945 1 0 0 0 0 
0.0615 -0.661312 1 0 0 0 0 
0.06175 -0.673011 1 0 0 0 0 
0.062 -0.684547 1 0 0 0 0 
ZONE I=5
0.062 -0.684547 1 0 0 0 0 
0.06225 -0.695914 1 0 0 0 0 
0.0625 -0.707107 1 0 0 0 0 
0.06275 -0.718125 1 0 0 0 0 
0.063 -0.728969 1 0 0 0 0 
ZONE I=5
0.063 -0.728969 1 0 0 0 0 
0.06325 -0.739632 1 0 0 0 0 
0.0635 -0.750111 1 0 0 0 0 
0.06375 -0.760405 1 0 0 0 0 
0.064 -0.770513 1 0 0 0 0 
ZONE I=5
0.064 -0.770513 1 0 0 0 0 
0.06425 -0.780432 1 0 0 0 0 
0.0645 -0.790155 1 0 0 0 0 
0.06475 -0.799683 1 0 0 0 0 
0.065 -0.809017 1 0 0 0 0 
ZONE I=5
0.065 -0.809017 1 0 0 0 0 
0.06525 -0.818151 1 0 0 0 0 
0.0655 -0.827081 1 0 0 0 0 
0.06575 -0.835806 1 0 0 0 0 
0.066 -0.844328 1 0 0 0 0 
ZONE I=5
0.066 -0.844328 1 0 0 0 0 
0.06625 -0.852641 1 0 0 0 0 
0.0665 -0.860742 1 0 0 0 0 
0.06675 -0.868631 1 0 0 0 0 
0.067 -0.876307 1 0 0 0 0 
ZONE I=5
0.067 -0.876307 1 0 0 0 0 
0.06725 -0.883767 1 0 0 0 0 
0.0675 -0.891007 1 0 0 0 0 
0.06775 -0.898027 1 0 0 0 0 
0.068 -0.904827 1 0 0 0 0 
ZONE I=5
0.068 -0.904827 1 0 0 0 0 
0.06825 -0.911404 1 0 0 0 0 
0.0685 -0.917755 1 0 0 0 0 
0.06875 -0.923879 1 0 0 0 0 
0.069 -0.929776 1 0 0 0 0 
ZONE I=5
0.069 -0.929776 1 0 0 0 0 
0.06925 -0.935445 1 0 0 0 0 
0.0695 -0.940881 1 0 0 0 0 
0.06975 -0.946085 1 0 0 0 0 
0.07 -0.951057 1 0 0 0 0 
ZONE I=5
0.07 -0.951057 1 0 0 0 0 
0.07025 -0.955794 1 0 0 0 0 
0.0705 -0.960294 1 0 0 0 0 
0.07075 -0.964557 1 0 0 0 0 
0.071 -0.968583 1 0 0 0 0 
ZONE I=5
0.071 -0.968583 1 0 0 0 0 
0.07125 -0.97237 1 0 0 0 0 
0.0715 -0.975917 1 0 0 0 0 
0.07175 -0.979222 1 0 0 0 0 
0.072 -0.982287 1 0 0 0 0 
ZONE I=5
0.072 -0.982287 1 0 0 0 0 
0.07225 -0.98511 1 0 0 0 0 
0.0725 -0.987688 1 0 0 0 0 
0.07275 -0.990023 1 0 0 0 0 
0.073 -0.992115 1 0 0 0 0 
ZONE I=5
0.073 -0.992115 1 0 0 0 0 
0.07325 -0.993961 1 0 0 0 0 
0.0735 -0.995562 1 0 0 0 0 
0.07375 -0.996917 1 0 0 0 0 
0.074 -0.998027 1 0 0 0 0 
ZONE I=5
0.074 -0.998027 1 0 0 0 0 
0.07425 -0.99889 1 0 0 0 0 
0.0745 -0.999507 1 0 0 0 0 
0.07475 -0.999877 1 0 0 0 0 
0.075 -1 1 0 0 0 0 
ZONE I=5
0.075 -1 1 0 0 0 0 
0.07525 -0.999877 1 0 0 0 0 
0.0755 -0.999507 1 0 0 0 0 
0.07575 -0.99889 1 0 0 0 0 
0.076 -0.998027 1 0 0 0 0 
ZONE I=5
0.076 -0.998027 1 0 0 0 0 
0.07625 -0.996917 1 0 0 0 0 
0.0765 -0.995562 1 0 0 0 0 
0.07675 -0.993961 1 0 0 0 0 
0.077 -0.992115 1 0 0 0 0 
ZONE I=5
0.077 -0.992115 1 0 0 0 0 
0.07725 -0.990023 1 0 0 0 0 
0.0775 -0.987688 1 0 0 0 0 
0.07775 -0.98511 1 0 0 0 0 
0.078 -0.982287 1 0 0 0 0 
ZONE I=5
0.078 -0.982287 1 0 0 0 0 
0.07825 -0.979222 1 0 0 0 0 
0.0785 -0.975917 1 0 0 0 0 
0.07875 -0.97237 1 0 0 0 0 
0.079 -0.968583 1 0 0 0 0 
ZONE I=5
0.079 -0.968583 1 0 0 0 0 
0.07925 -0.964557 1 0 0 0 0 
0.0795 -0.960294 1 0 0 0 0 
0.07975 -0.955794 1 0 0 0 0 
0.08 -0.951057 1 0 0 0 0 
ZONE I=5
0.08 -0.951057 1 0 0 0 0 
0.08025 -0.946085 1 0 0 0 0 
0.0805 -0.940881 1 0 0 0 0 
0.08075 -0.935445 1 0 0 0 0 
0.081 -0.929776 1 0 0 0 0 
ZONE I=5
0.081 -0.929776 1 0 0 0 0 
0.08125 -0.923879 1 0 0 0 0 
0.0815 -0.917755 1 0 0 0 0 
0.08175 -0.911404 1 0 0 0 0 
0.082 -0.904827 1 0 0 0 0 
ZONE I=5
0.082 -0.904827 1 0 0 0 0 
0.08225 -0.898027 1 0 0 0 0 
0.0825 -0.891007 1 0 0 0 0 
0.08275 -0.883767 1 0 0 0 0 
0.083 -0.876307 1 0 0 0 0 
ZONE I=5
0.083 -0.876307 1 0 0 0 0 
0.08325 -0.868631 1 0 0 0 0 
0.0835 -0.860742 1 0 0 0 0 
0.08375 -0.852641 1 0 0 0 0 
0.084 -0.844328 1 0 0 0 0 
ZONE I=5
0.084 -0.844328 1 0 0 0 0 
0.08425 -0.835806 1 0 0 0 0 
0.0845 -0.827081 1 0 0 0 0 
0.08475 -0.818151 1 0 0 0 0 
0.085 -0.809017 1 0 0 0 0 
ZONE I=5
0.085 -0.809017 1 0 0 0 0 
0.08525 -0.799683 1 0 0 0 0 
0.0855 -0.790155 1 0 0 0 0 
0.08575 -0.780432 1 0 0 0 0 
0.086 -0.770513 1 0 0 0 0 
ZONE I=5
0.086 -0.770513 1 0 0 0 0 
0.08625 -0.760405 1 0 0 0 0 
0.0865 -0.750111 1 0 0 0 0 
0.08675 -0.739632 1 0 0 0 0 
0.087 -0.728969 1 0 0 0 0 
ZONE I=5
0.087 -0.728969 1 0 0 0 0 
0.08725 -0.718125 1 0 0 0 0 
0.0875 -0.707107 1 0 0 0 0 
0.08775 -0.695914 1 0 0 0 0 
0.088 -0.684547 1 0 0 0 0 
ZONE I=5
0.088 -0.684547 1 0 0 0 0 
0.08825 -0.673011 1 0 0 0 0 
0.0885 -0.661312 1 0 0 0 0 
0.08875 -0.64945 1 0 0 0 0 
0.089 -0.637424 1 0 0 0 0 
ZONE I=5
0.089 -0.637424 1 0 0 0 0 
0.08925 -0.625241 1 0 0 0 0 
0.0895 -0.612907 1 0 0 0 0 
0.08975 -0.600422 1 0 0 0 0 
0.09 -0.587785 1 0 0 0 0 
ZONE I=5
0.09 -0.587785 1 0 0 0 0 
0.09025 -0.575004 1 0 0 0 0 
0.0905 -0.562083 1 0 0 0 0 
0.09075 -0.549024 1 0 0 0 0 
0.091 -0.535827 1 0 0 0 0 
ZONE I=5
0.091 -0.535827 1 0 0 0 0 
0.09125 -0.522497 1 0 0 0 0 
0.0915 -0.509041 1 0 0 0 0 
0.09175 -0.49546 1 0 0 0 0 
0.092 -0.481754 1 0 0 0 0 
ZONE I=5
0.092 -0.481754 1 0 0 0 0 
0.09225 -0.467928 1 0 0 0 0 
0.0925 -0.45399 1 0 0 0 0 
0.09275 -0.439941 1 0 0 0 0 
0.093 -0.425779 1 0 0 0 0 
ZONE I=5
0.093 -0.425779 1 0 0 0 0 
0.09325 -0.411513 1 0 0 0 0 
0.0935 -0.397148 1 0 0 0 0 
0.09375 -0.382685 1 0 0 0 0 
0.094 -0.368125 1 0 0 0 0 
ZONE I=5
0.094 -0.368125 1 0 0 0 0 
0.09425 -0.353473 1 0 0 0 0 
0.0945 -0.338738 1 0 0 0 0 
0.09475 -0.323919 1 0 0 0 0 
0.095 -0.309017 1 0 0 0 0 
ZONE I=5
0.095 -0.309017 1 0 0 0 0 
0.09525 -0.294038 1 0 0 0 0 
0.0955 -0.278991 1 0 0 0 0 
0.09575 -0.263875 1 0 0 0 0 
0.096 -0.24869 1 0 0 0 0 
ZONE I=5
0.096 -0.24869 1 0 0 0 0 
0.09625 -0.233443 1 0 0 0 0 
0.0965 -0.218143 1 0 0 0 0 
0.09675 -0.202789 1 0 0 0 0 
0.097 -0.187381 1 0 0 0 0 
ZONE I=5
0.097 -0.187381 1 0 0 0 0 
0.09725 -0.171927 1 0 0 0 0 
0.0975 -0.156434 1 0 0 0 0 
0.09775 -0.140903 1 0 0 0 0 
0.098 -0.125333 1 0 0 0 0 
ZONE I=5
0.098 -0.125333 1 0 0 0 0 
0.09825 -0.109732 1 0 0 0 0 
0.0985 -0.0941083 1 0 0 0 0 
0.09875 -0.078461 1 0 0 0 0 
0.099 -0.0627905 1 0 0 0 0 
ZONE I=5
0.099 -0.0627905 1 0 0 0 0 
0.09925 -0.0471045 1 0 0 0 0 
0.0995 -0.0314108 1 0 0 0 0 
0.09975 -0.0157093 1 0 0 0 0 
0.1 8.20415e-10 1 0 0 0 0 
