ZONE I=5
0 0.0140714 1 0 0 0 0 
0.00025 0.0160327 1 0 0 0 0 
0.0005 0.0180459 1 0 0 0 0 
0.00075 0.020111 1 0 0 0 0 
0.001 0.0222279 1 0 0 0 0 
ZONE I=5
0.001 0.0222279 1 0 0 0 0 
0.00125 0.0243961 1 0 0 0 0 
0.0015 0.0266148 1 0 0 0 0 
0.00175 0.0288839 1 0 0 0 0 
0.002 0.0312036 1 0 0 0 0 
ZONE I=5
0.002 0.0312036 1 0 0 0 0 
0.00225 0.033573 1 0 0 0 0 
0.0025 0.0359914 1 0 0 0 0 
0.00275 0.0384587 1 0 0 0 0 
0.003 0.0409748 1 0 0 0 0 
ZONE I=5
0.003 0.0409748 1 0 0 0 0 
0.00325 0.043539 1 0 0 0 0 
0.0035 0.0461501 1 0 0 0 0 
0.00375 0.0488082 1 0 0 0 0 
0.004 0.0515132 1 0 0 0 0 
ZONE I=5
0.004 0.0515132 1 0 0 0 0 
0.00425 0.054264 1 0 0 0 0 
0.0045 0.0570595 1 0 0 0 0 
0.00475 0.0598994 1 0 0 0 0 
0.005 0.062784 1 0 0 0 0 
ZONE I=5
0.005 0.062784 1 0 0 0 0 
0.00525 0.0657118 1 0 0 0 0 
0.0055 0.0686815 1 0 0 0 0 
0.00575 0.0716929 1 0 0 0 0 
0.006 0.074746 1 0 0 0 0 
ZONE I=5
0.006 0.074746 1 0 0 0 0 
0.00625 0.0778395 1 0 0 0 0 
0.0065 0.0809716 1 0 0 0 0 
0.00675 0.0841423 1 0 0 0 0 
0.007 0.0873516 1 0 0 0 0 
ZONE I=5
0.007 0.0873516 1 0 0 0 0 
0.00725 0.0905979 1 0 0 0 0 
0.0075 0.0938792 1 0 0 0 0 
0.00775 0.0971957 1 0 0 0 0 
0.008 0.100547 1 0 0 0 0 
ZONE I=5
0.008 0.100547 1 0 0 0 0 
0.00825 0.103932 1 0 0 0 0 
0.0085 0.107348 1 0 0 0 0 
0.00875 0.110795 1 0 0 0 0 
0.009 0.114274 1 0 0 0 0 
ZONE I=5
0.009 0.114274 1 0 0 0 0 
0.00925 0.117782 1 0 0 0 0 
0.0095 0.121317 1 0 0 0 0 
0.00975 0.124879 1 0 0 0 0 
0.01 0.128469 1 0 0 0 0 
ZONE I=5
0.01 0.128469 1 0 0 0 0 
0.01025 0.132083 1 0 0 0 0 
0.0105 0.135721 1 0 0 0 0 
0.01075 0.139381 1 0 0 0 0 
0.011 0.143065 1 0 0 0 0 
ZONE I=5
0.011 0.143065 1 0 0 0 0 
0.01125 0.146769 1 0 0 0 0 
0.0115 0.150492 1 0 0 0 0 
0.01175 0.154233 1 0 0 0 0 
0.012 0.157993 1 0 0 0 0 
ZONE I=5
0.012 0.157993 1 0 0 0 0 
0.01225 0.16177 1 0 0 0 0 
0.0125 0.16556 1 0 0 0 0 
0.01275 0.169365 1 0 0 0 0 
0.013 0.173183 1 0 0 0 0 
ZONE I=5
0.013 0.173183 1 0 0 0 0 
0.01325 0.177014 1 0 0 0 0 
0.0135 0.180854 1 0 0 0 0 
0.01375 0.184704 1 0 0 0 0 
0.014 0.188564 1 0 0 0 0 
ZONE I=5
0.014 0.188564 1 0 0 0 0 
0.01425 0.192431 1 0 0 0 0 
0.0145 0.196303 1 0 0 0 0 
0.01475 0.20018 1 0 0 0 0 
0.015 0.204062 1 0 0 0 0 
ZONE I=5
0.015 0.204062 1 0 0 0 0 
0.01525 0.207948 1 0 0 0 0 
0.0155 0.211834 1 0 0 0 0 
0.01575 0.215721 1 0 0 0 0 
0.016 0.219609 1 0 0 0 0 
ZONE I=5
0.016 0.219609 1 0 0 0 0 
0.01625 0.223495 1 0 0 0 0 
0.0165 0.227378 1 0 0 0 0 
0.01675 0.231257 1 0 0 0 0 
0.017 0.235132 1 0 0 0 0 
ZONE I=5
0.017 0.235132 1 0 0 0 0 
0.01725 0.239002 1 0 0 0 0 
0.0175 0.242864 1 0 0 0 0 
0.01775 0.246718 1 0 0 0 0 
0.018 0.250565 1 0 0 0 0 
ZONE I=5
0.018 0.250565 1 0 0 0 0 
0.01825 0.254402 1 0 0 0 0 
0.0185 0.258226 1 0 0 0 0 
0.01875 0.262039 1 0 0 0 0 
0.019 0.265841 1 0 0 0 0 
ZONE I=5
0.019 0.265841 1 0 0 0 0 
0.01925 0.269628 1 0 0 0 0 
0.0195 0.273399 1 0 0 0 0 
0.01975 0.277155 1 0 0 0 0 
0.02 0.280895 1 0 0 0 0 
ZONE I=5
0.02 0.280895 1 0 0 0 0 
0.02025 0.284617 1 0 0 0 0 
0.0205 0.28832 1 0 0 0 0 
0.02075 0.292003 1 0 0 0 0 
0.021 0.295667 1 0 0 0 0 
ZONE I=5
0.021 0.295667 1 0 0 0 0 
0.02125 0.299309 1 0 0 0 0 
0.0215 0.302929 1 0 0 0 0 
0.02175 0.306525 1 0 0 0 0 
0.022 0.310098 1 0 0 0 0 
ZONE I=5
0.022 0.310098 1 0 0 0 0 
0.02225 0.313646 1 0 0 0 0 
0.0225 0.317168 1 0 0 0 0 
0.02275 0.320663 1 0 0 0 0 
0.023 0.324132 1 0 0 0 0 
ZONE I=5
0.023 0.324132 1 0 0 0 0 
0.02325 0.327573 1 0 0 0 0 
0.0235 0.330984 1 0 0 0 0 
0.02375 0.334366 1 0 0 0 0 
0.024 0.337718 1 0 0 0 0 
ZONE I=5
0.024 0.337718 1 0 0 0 0 
0.02425 0.341038 1 0 0 0 0 
0.0245 0.344326 1 0 0 0 0 
0.02475 0.347582 1 0 0 0 0 
0.025 0.350804 1 0 0 0 0 
ZONE I=5
0.025 0.350804 1 0 0 0 0 
0.02525 0.353993 1 0 0 0 0 
0.0255 0.357146 1 0 0 0 0 
0.02575 0.360264 1 0 0 0 0 
0.026 0.363347 1 0 0 0 0 
ZONE I=5
0.026 0.363347 1 0 0 0 0 
0.02625 0.366393 1 0 0 0 0 
0.0265 0.3694 1 0 0 0 0 
0.02675 0.37237 1 0 0 0 0 
0.027 0.375302 1 0 0 0 0 
ZONE I=5
0.027 0.375302 1 0 0 0 0 
0.02725 0.378194 1 0 0 0 0 
0.0275 0.381046 1 0 0 0 0 
0.02775 0.383858 1 0 0 0 0 
0.028 0.386629 1 0 0 0 0 
ZONE I=5
0.028 0.386629 1 0 0 0 0 
0.02825 0.389359 1 0 0 0 0 
0.0285 0.392046 1 0 0 0 0 
0.02875 0.394691 1 0 0 0 0 
0.029 0.397293 1 0 0 0 0 
ZONE I=5
0.029 0.397293 1 0 0 0 0 
0.02925 0.399852 1 0 0 0 0 
0.0295 0.402366 1 0 0 0 0 
0.02975 0.404835 1 0 0 0 0 
0.03 0.40726 1 0 0 0 0 
ZONE I=5
0.03 0.40726 1 0 0 0 0 
0.03025 0.409639 1 0 0 0 0 
0.0305 0.411972 1 0 0 0 0 
0.03075 0.414258 1 0 0 0 0 
0.031 0.416499 1 0 0 0 0 
ZONE I=5
0.031 0.416499 1 0 0 0 0 
0.03125 0.418692 1 0 0 0 0 
0.0315 0.420836 1 0 0 0 0 
0.03175 0.422933 1 0 0 0 0 
0.032 0.424982 1 0 0 0 0 
ZONE I=5
0.032 0.424982 1 0 0 0 0 
0.03225 0.426983 1 0 0 0 0 
0.0325 0.428933 1 0 0 0 0 
0.03275 0.430835 1 0 0 0 0 
0.033 0.432687 1 0 0 0 0 
ZONE I=5
0.033 0.432687 1 0 0 0 0 
0.03325 0.434489 1 0 0 0 0 
0.0335 0.43624 1 0 0 0 0 
0.03375 0.43794 1 0 0 0 0 
0.034 0.43959 1 0 0 0 0 
ZONE I=5
0.034 0.43959 1 0 0 0 0 
0.03425 0.441189 1 0 0 0 0 
0.0345 0.442735 1 0 0 0 0 
0.03475 0.44423 1 0 0 0 0 
0.035 0.445674 1 0 0 0 0 
ZONE I=5
0.035 0.445674 1 0 0 0 0 
0.03525 0.447065 1 0 0 0 0 
0.0355 0.448403 1 0 0 0 0 
0.03575 0.449689 1 0 0 0 0 
0.036 0.450922 1 0 0 0 0 
ZONE I=5
0.036 0.450922 1 0 0 0 0 
0.03625 0.452102 1 0 0 0 0 
0.0365 0.453228 1 0 0 0 0 
0.03675 0.454301 1 0 0 0 0 
0.037 0.455321 1 0 0 0 0 
ZONE I=5
0.037 0.455321 1 0 0 0 0 
0.03725 0.456287 1 0 0 0 0 
0.0375 0.457199 1 0 0 0 0 
0.03775 0.458057 1 0 0 0 0 
0.038 0.458861 1 0 0 0 0 
ZONE I=5
0.038 0.458861 1 0 0 0 0 
0.03825 0.459611 1 0 0 0 0 
0.0385 0.460307 1 0 0 0 0 
0.03875 0.460948 1 0 0 0 0 
0.039 0.461534 1 0 0 0 0 
ZONE I=5
0.039 0.461534 1 0 0 0 0 
0.03925 0.462066 1 0 0 0 0 
0.0395 0.462544 1 0 0 0 0 
0.03975 0.462967 1 0 0 0 0 
0.04 0.463335 1 0 0 0 0 
ZONE I=5
0.04 0.463335 1 0 0 0 0 
0.04025 0.463648 1 0 0 0 0 
0.0405 0.463907 1 0 0 0 0 
0.04075 0.464111 1 0 0 0 0 
0.041 0.46426 1 0 0 0 0 
ZONE I=5
0.041 0.46426 1 0 0 0 0 
0.04125 0.464355 1 0 0 0 0 
0.0415 0.464395 1 0 0 0 0 
0.04175 0.46438 1 0 0 0 0 
0.042 0.46431 1 0 0 0 0 
ZONE I=5
0.042 0.46431 1 0 0 0 0 
0.04225 0.464186 1 0 0 0 0 
0.0425 0.464008 1 0 0 0 0 
0.04275 0.463775 1 0 0 0 0 
0.043 0.463487 1 0 0 0 0 
ZONE I=5
0.043 0.463487 1 0 0 0 0 
0.04325 0.463145 1 0 0 0 0 
0.0435 0.46275 1 0 0 0 0 
0.04375 0.4623 1 0 0 0 0 
0.044 0.461796 1 0 0 0 0 
ZONE I=5
0.044 0.461796 1 0 0 0 0 
0.04425 0.461238 1 0 0 0 0 
0.0445 0.460626 1 0 0 0 0 
0.04475 0.459961 1 0 0 0 0 
0.045 0.459242 1 0 0 0 0 
ZONE I=5
0.045 0.459242 1 0 0 0 0 
0.04525 0.458471 1 0 0 0 0 
0.0455 0.457646 1 0 0 0 0 
0.04575 0.456768 1 0 0 0 0 
0.046 0.455837 1 0 0 0 0 
ZONE I=5
0.046 0.455837 1 0 0 0 0 
0.04625 0.454854 1 0 0 0 0 
0.0465 0.453819 1 0 0 0 0 
0.04675 0.452732 1 0 0 0 0 
0.047 0.451592 1 0 0 0 0 
ZONE I=5
0.047 0.451592 1 0 0 0 0 
0.04725 0.450401 1 0 0 0 0 
0.0475 0.449159 1 0 0 0 0 
0.04775 0.447865 1 0 0 0 0 
0.048 0.446521 1 0 0 0 0 
ZONE I=5
0.048 0.446521 1 0 0 0 0 
0.04825 0.445126 1 0 0 0 0 
0.0485 0.443681 1 0 0 0 0 
0.04875 0.442186 1 0 0 0 0 
0.049 0.440641 1 0 0 0 0 
ZONE I=5
0.049 0.440641 1 0 0 0 0 
0.04925 0.439046 1 0 0 0 0 
0.0495 0.437403 1 0 0 0 0 
0.04975 0.435711 1 0 0 0 0 
0.05 0.43397 1 0 0 0 0 
ZONE I=5
0.05 0.43397 1 0 0 0 0 
0.05025 0.432181 1 0 0 0 0 
0.0505 0.430344 1 0 0 0 0 
0.05075 0.428461 1 0 0 0 0 
0.051 0.42653 1 0 0 0 0 
ZONE I=5
0.051 0.42653 1 0 0 0 0 
0.05125 0.424552 1 0 0 0 0 
0.0515 0.422528 1 0 0 0 0 
0.05175 0.420459 1 0 0 0 0 
0.052 0.418344 1 0 0 0 0 
ZONE I=5
0.052 0.418344 1 0 0 0 0 
0.05225 0.416184 1 0 0 0 0 
0.0525 0.41398 1 0 0 0 0 
0.05275 0.411731 1 0 0 0 0 
0.053 0.409439 1 0 0 0 0 
ZONE I=5
0.053 0.409439 1 0 0 0 0 
0.05325 0.407103 1 0 0 0 0 
0.0535 0.404725 1 0 0 0 0 
0.05375 0.402304 1 0 0 0 0 
0.054 0.399842 1 0 0 0 0 
ZONE I=5
0.054 0.399842 1 0 0 0 0 
0.05425 0.397338 1 0 0 0 0 
0.0545 0.394793 1 0 0 0 0 
0.05475 0.392208 1 0 0 0 0 
0.055 0.389583 1 0 0 0 0 
ZONE I=5
0.055 0.389583 1 0 0 0 0 
0.05525 0.386919 1 0 0 0 0 
0.0555 0.384217 1 0 0 0 0 
0.05575 0.381476 1 0 0 0 0 
0.056 0.378697 1 0 0 0 0 
ZONE I=5
0.056 0.378697 1 0 0 0 0 
0.05625 0.375881 1 0 0 0 0 
0.0565 0.373029 1 0 0 0 0 
0.05675 0.370141 1 0 0 0 0 
0.057 0.367217 1 0 0 0 0 
ZONE I=5
0.057 0.367217 1 0 0 0 0 
0.05725 0.364258 1 0 0 0 0 
0.0575 0.361266 1 0 0 0 0 
0.05775 0.35824 1 0 0 0 0 
0.058 0.35518 1 0 0 0 0 
ZONE I=5
0.058 0.35518 1 0 0 0 0 
0.05825 0.352088 1 0 0 0 0 
0.0585 0.348966 1 0 0 0 0 
0.05875 0.345812 1 0 0 0 0 
0.059 0.342627 1 0 0 0 0 
ZONE I=5
0.059 0.342627 1 0 0 0 0 
0.05925 0.339412 1 0 0 0 0 
0.0595 0.336169 1 0 0 0 0 
0.05975 0.332898 1 0 0 0 0 
0.06 0.329598 1 0 0 0 0 
ZONE I=5
0.06 0.329598 1 0 0 0 0 
0.06025 0.326271 1 0 0 0 0 
0.0605 0.322919 1 0 0 0 0 
0.06075 0.319541 1 0 0 0 0 
0.061 0.316137 1 0 0 0 0 
ZONE I=5
0.061 0.316137 1 0 0 0 0 
0.06125 0.312709 1 0 0 0 0 
0.0615 0.309259 1 0 0 0 0 
0.06175 0.305786 1 0 0 0 0 
0.062 0.30229 1 0 0 0 0 
ZONE I=5
0.062 0.30229 1 0 0 0 0 
0.06225 0.298773 1 0 0 0 0 
0.0625 0.295237 1 0 0 0 0 
0.06275 0.291681 1 0 0 0 0 
0.063 0.288105 1 0 0 0 0 
ZONE I=5
0.063 0.288105 1 0 0 0 0 
0.06325 0.284511 1 0 0 0 0 
0.0635 0.280901 1 0 0 0 0 
0.06375 0.277274 1 0 0 0 0 
0.064 0.273631 1 0 0 0 0 
ZONE I=5
0.064 0.273631 1 0 0 0 0 
0.06425 0.269972 1 0 0 0 0 
0.0645 0.266301 1 0 0 0 0 
0.06475 0.262617 1 0 0 0 0 
0.065 0.258919 1 0 0 0 0 
ZONE I=5
0.065 0.258919 1 0 0 0 0 
0.06525 0.25521 1 0 0 0 0 
0.0655 0.251491 1 0 0 0 0 
0.06575 0.247762 1 0 0 0 0 
0.066 0.244023 1 0 0 0 0 
ZONE I=5
0.066 0.244023 1 0 0 0 0 
0.06625 0.240277 1 0 0 0 0 
0.0665 0.236523 1 0 0 0 0 
0.06675 0.232764 1 0 0 0 0 
0.067 0.228998 1 0 0 0 0 
ZONE I=5
0.067 0.228998 1 0 0 0 0 
0.06725 0.225228 1 0 0 0 0 
0.0675 0.221455 1 0 0 0 0 
0.06775 0.217679 1 0 0 0 0 
0.068 0.213901 1 0 0 0 0 
ZONE I=5
0.068 0.213901 1 0 0 0 0 
0.06825 0.210121 1 0 0 0 0 
0.0685 0.206343 1 0 0 0 0 
0.06875 0.202565 1 0 0 0 0 
0.069 0.198788 1 0 0 0 0 
ZONE I=5
0.069 0.198788 1 0 0 0 0 
0.06925 0.195014 1 0 0 0 0 
0.0695 0.191245 1 0 0 0 0 
0.06975 0.18748 1 0 0 0 0 
0.07 0.18372 1 0 0 0 0 
ZONE I=5
0.07 0.18372 1 0 0 0 0 
0.07025 0.179966 1 0 0 0 0 
0.0705 0.176221 1 0 0 0 0 
0.07075 0.172484 1 0 0 0 0 
0.071 0.168756 1 0 0 0 0 
ZONE I=5
0.071 0.168756 1 0 0 0 0 
0.07125 0.165038 1 0 0 0 0 
0.0715 0.161332 1 0 0 0 0 
0.07175 0.157638 1 0 0 0 0 
0.072 0.153957 1 0 0 0 0 
ZONE I=5
0.072 0.153957 1 0 0 0 0 
0.07225 0.15029 1 0 0 0 0 
0.0725 0.146639 1 0 0 0 0 
0.07275 0.143004 1 0 0 0 0 
0.073 0.139385 1 0 0 0 0 
ZONE I=5
0.073 0.139385 1 0 0 0 0 
0.07325 0.135785 1 0 0 0 0 
0.0735 0.132204 1 0 0 0 0 
0.07375 0.128643 1 0 0 0 0 
0.074 0.125103 1 0 0 0 0 
ZONE I=5
0.074 0.125103 1 0 0 0 0 
0.07425 0.121584 1 0 0 0 0 
0.0745 0.118089 1 0 0 0 0 
0.07475 0.114618 1 0 0 0 0 
0.075 0.111171 1 0 0 0 0 
ZONE I=5
0.075 0.111171 1 0 0 0 0 
0.07525 0.10775 1 0 0 0 0 
0.0755 0.104357 1 0 0 0 0 
0.07575 0.100991 1 0 0 0 0 
0.076 0.0976533 1 0 0 0 0 
ZONE I=5
0.076 0.0976533 1 0 0 0 0 
0.07625 0.0943451 1 0 0 0 0 
0.0765 0.0910684 1 0 0 0 0 
0.07675 0.0878233 1 0 0 0 0 
0.077 0.0846098 1 0 0 0 0 
ZONE I=5
0.077 0.0846098 1 0 0 0 0 
0.07725 0.0814298 1 0 0 0 0 
0.0775 0.078285 1 0 0 0 0 
0.07775 0.0751756 1 0 0 0 0 
0.078 0.0721015 1 0 0 0 0 
ZONE I=5
0.078 0.0721015 1 0 0 0 0 
0.07825 0.0690645 1 0 0 0 0 
0.0785 0.0660666 1 0 0 0 0 
0.07875 0.0631076 1 0 0 0 0 
0.079 0.0601876 1 0 0 0 0 
ZONE I=5
0.079 0.0601876 1 0 0 0 0 
0.07925 0.0573083 1 0 0 0 0 
0.0795 0.0544716 1 0 0 0 0 
0.07975 0.0516773 1 0 0 0 0 
0.08 0.0489256 1 0 0 0 0 
ZONE I=5
0.08 0.0489256 1 0 0 0 0 
0.08025 0.0462181 1 0 0 0 0 
0.0805 0.0435565 1 0 0 0 0 
0.08075 0.0409407 1 0 0 0 0 
0.081 0.0383709 1 0 0 0 0 
ZONE I=5
0.081 0.0383709 1 0 0 0 0 
0.08125 0.0358486 1 0 0 0 0 
0.0815 0.0333753 1 0 0 0 0 
0.08175 0.0309512 1 0 0 0 0 
0.082 0.0285761 1 0 0 0 0 
ZONE I=5
0.082 0.0285761 1 0 0 0 0 
0.08225 0.0262517 1 0 0 0 0 
0.0825 0.0239793 1 0 0 0 0 
0.08275 0.021759 1 0 0 0 0 
0.083 0.0195908 1 0 0 0 0 
ZONE I=5
0.083 0.0195908 1 0 0 0 0 
0.08325 0.017476 1 0 0 0 0 
0.0835 0.0154161 1 0 0 0 0 
0.08375 0.0134109 1 0 0 0 0 
0.084 0.0114606 1 0 0 0 0 
ZONE I=5
0.084 0.0114606 1 0 0 0 0 
0.08425 0.00956634 1 0 0 0 0 
0.0845 0.00772933 1 0 0 0 0 
0.08475 0.00594957 1 0 0 0 0 
0.085 0.00422706 1 0 0 0 0 
ZONE I=5
0.085 0.00422706 1 0 0 0 0 
0.08525 0.00256295 1 0 0 0 0 
0.0855 0.000958217 1 0 0 0 0 
0.08575 -0.000587136 1 0 0 0 0 
0.086 -0.00207311 1 0 0 0 0 
ZONE I=5
0.086 -0.00207311 1 0 0 0 0 
0.08625 -0.00349872 1 0 0 0 0 
0.0865 -0.00486316 1 0 0 0 0 
0.08675 -0.00616643 1 0 0 0 0 
0.087 -0.00740855 1 0 0 0 0 
ZONE I=5
0.087 -0.00740855 1 0 0 0 0 
0.08725 -0.00858869 1 0 0 0 0 
0.0875 -0.00970625 1 0 0 0 0 
0.08775 -0.0107612 1 0 0 0 0 
0.088 -0.0117537 1 0 0 0 0 
ZONE I=5
0.088 -0.0117537 1 0 0 0 0 
0.08825 -0.0126829 1 0 0 0 0 
0.0885 -0.0135486 1 0 0 0 0 
0.08875 -0.0143506 1 0 0 0 0 
0.089 -0.0150891 1 0 0 0 0 
ZONE I=5
0.089 -0.0150891 1 0 0 0 0 
0.08925 -0.0157637 1 0 0 0 0 
0.0895 -0.016374 1 0 0 0 0 
0.08975 -0.0169202 1 0 0 0 0 
0.09 -0.0174022 1 0 0 0 0 
ZONE I=5
0.09 -0.0174022 1 0 0 0 0 
0.09025 -0.0178198 1 0 0 0 0 
0.0905 -0.0181731 1 0 0 0 0 
0.09075 -0.0184621 1 0 0 0 0 
0.091 -0.0186868 1 0 0 0 0 
ZONE I=5
0.091 -0.0186868 1 0 0 0 0 
0.09125 -0.0188471 1 0 0 0 0 
0.0915 -0.0189434 1 0 0 0 0 
0.09175 -0.0189756 1 0 0 0 0 
0.092 -0.0189437 1 0 0 0 0 
ZONE I=5
0.092 -0.0189437 1 0 0 0 0 
0.09225 -0.018848 1 0 0 0 0 
0.0925 -0.0186889 1 0 0 0 0 
0.09275 -0.0184664 1 0 0 0 0 
0.093 -0.0181805 1 0 0 0 0 
ZONE I=5
0.093 -0.0181805 1 0 0 0 0 
0.09325 -0.0178316 1 0 0 0 0 
0.0935 -0.0174204 1 0 0 0 0 
0.09375 -0.0169467 1 0 0 0 0 
0.094 -0.0164107 1 0 0 0 0 
ZONE I=5
0.094 -0.0164107 1 0 0 0 0 
0.09425 -0.0158129 1 0 0 0 0 
0.0945 -0.0151541 1 0 0 0 0 
0.09475 -0.0144343 1 0 0 0 0 
0.095 -0.0136534 1 0 0 0 0 
ZONE I=5
0.095 -0.0136534 1 0 0 0 0 
0.09525 -0.0128122 1 0 0 0 0 
0.0955 -0.0119115 1 0 0 0 0 
0.09575 -0.0109514 1 0 0 0 0 
0.096 -0.00993177 1 0 0 0 0 
ZONE I=5
0.096 -0.00993177 1 0 0 0 0 
0.09625 -0.00885352 1 0 0 0 0 
0.0965 -0.00771747 1 0 0 0 0 
0.09675 -0.00652363 1 0 0 0 0 
0.097 -0.00527201 1 0 0 0 0 
ZONE I=5
0.097 -0.00527201 1 0 0 0 0 
0.09725 -0.00396345 1 0 0 0 0 
0.0975 -0.00259879 1 0 0 0 0 
0.09775 -0.00117802 1 0 0 0 0 
0.098 0.000298844 1 0 0 0 0 
ZONE I=5
0.098 0.000298844 1 0 0 0 0 
0.09825 0.00183099 1 0 0 0 0 
0.0985 0.00341765 1 0 0 0 0 
0.09875 0.00505885 1 0 0 0 0 
0.099 0.00675457 1 0 0 0 0 
ZONE I=5
0.099 0.00675457 1 0 0 0 0 
0.09925 0.00850408 1 0 0 0 0 
0.0995 0.0103067 1 0 0 0 0 
0.09975 0.0121625 1 0 0 0 0 
0.1 0.0140714 1 0 0 0 0 
