ZONE I=5
0 0.132086 1 0 0 0 0 
0.00025 0.132824 1 0 0 0 0 
0.0005 0.133586 1 0 0 0 0 
0.00075 0.134371 1 0 0 0 0 
0.001 0.135179 1 0 0 0 0 
ZONE I=5
0.001 0.135179 1 0 0 0 0 
0.00125 0.13601 1 0 0 0 0 
0.0015 0.136863 1 0 0 0 0 
0.00175 0.137739 1 0 0 0 0 
0.002 0.138638 1 0 0 0 0 
ZONE I=5
0.002 0.138638 1 0 0 0 0 
0.00225 0.139558 1 0 0 0 0 
0.0025 0.1405 1 0 0 0 0 
0.00275 0.141464 1 0 0 0 0 
0.003 0.142449 1 0 0 0 0 
ZONE I=5
0.003 0.142449 1 0 0 0 0 
0.00325 0.143456 1 0 0 0 0 
0.0035 0.144483 1 0 0 0 0 
0.00375 0.145531 1 0 0 0 0 
0.004 0.1466 1 0 0 0 0 
ZONE I=5
0.004 0.1466 1 0 0 0 0 
0.00425 0.147689 1 0 0 0 0 
0.0045 0.148798 1 0 0 0 0 
0.00475 0.149927 1 0 0 0 0 
0.005 0.151075 1 0 0 0 0 
ZONE I=5
0.005 0.151075 1 0 0 0 0 
0.00525 0.152243 1 0 0 0 0 
0.0055 0.15343 1 0 0 0 0 
0.00575 0.154635 1 0 0 0 0 
0.006 0.15586 1 0 0 0 0 
ZONE I=5
0.006 0.15586 1 0 0 0 0 
0.00625 0.157102 1 0 0 0 0 
0.0065 0.158362 1 0 0 0 0 
0.00675 0.15964 1 0 0 0 0 
0.007 0.160936 1 0 0 0 0 
ZONE I=5
0.007 0.160936 1 0 0 0 0 
0.00725 0.162248 1 0 0 0 0 
0.0075 0.163578 1 0 0 0 0 
0.00775 0.164923 1 0 0 0 0 
0.008 0.166285 1 0 0 0 0 
ZONE I=5
0.008 0.166285 1 0 0 0 0 
0.00825 0.167664 1 0 0 0 0 
0.0085 0.169057 1 0 0 0 0 
0.00875 0.170466 1 0 0 0 0 
0.009 0.17189 1 0 0 0 0 
ZONE I=5
0.009 0.17189 1 0 0 0 0 
0.00925 0.173328 1 0 0 0 0 
0.0095 0.174781 1 0 0 0 0 
0.00975 0.176247 1 0 0 0 0 
0.01 0.177728 1 0 0 0 0 
ZONE I=5
0.01 0.177728 1 0 0 0 0 
0.01025 0.179222 1 0 0 0 0 
0.0105 0.180728 1 0 0 0 0 
0.01075 0.182247 1 0 0 0 0 
0.011 0.183779 1 0 0 0 0 
ZONE I=5
0.011 0.183779 1 0 0 0 0 
0.01125 0.185322 1 0 0 0 0 
0.0115 0.186877 1 0 0 0 0 
0.01175 0.188443 1 0 0 0 0 
0.012 0.19002 1 0 0 0 0 
ZONE I=5
0.012 0.19002 1 0 0 0 0 
0.01225 0.191608 1 0 0 0 0 
0.0125 0.193205 1 0 0 0 0 
0.01275 0.194812 1 0 0 0 0 
0.013 0.196429 1 0 0 0 0 
ZONE I=5
0.013 0.196429 1 0 0 0 0 
0.01325 0.198054 1 0 0 0 0 
0.0135 0.199688 1 0 0 0 0 
0.01375 0.20133 1 0 0 0 0 
0.014 0.20298 1 0 0 0 0 
ZONE I=5
0.014 0.20298 1 0 0 0 0 
0.01425 0.204637 1 0 0 0 0 
0.0145 0.206301 1 0 0 0 0 
0.01475 0.207971 1 0 0 0 0 
0.015 0.209648 1 0 0 0 0 
ZONE I=5
0.015 0.209648 1 0 0 0 0 
0.01525 0.211331 1 0 0 0 0 
0.0155 0.213018 1 0 0 0 0 
0.01575 0.214711 1 0 0 0 0 
0.016 0.216408 1 0 0 0 0 
ZONE I=5
0.016 0.216408 1 0 0 0 0 
0.01625 0.21811 1 0 0 0 0 
0.0165 0.219815 1 0 0 0 0 
0.01675 0.221523 1 0 0 0 0 
0.017 0.223234 1 0 0 0 0 
ZONE I=5
0.017 0.223234 1 0 0 0 0 
0.01725 0.224948 1 0 0 0 0 
0.0175 0.226663 1 0 0 0 0 
0.01775 0.228379 1 0 0 0 0 
0.018 0.230098 1 0 0 0 0 
ZONE I=5
0.018 0.230098 1 0 0 0 0 
0.01825 0.231816 1 0 0 0 0 
0.0185 0.233535 1 0 0 0 0 
0.01875 0.235254 1 0 0 0 0 
0.019 0.236972 1 0 0 0 0 
ZONE I=5
0.019 0.236972 1 0 0 0 0 
0.01925 0.238689 1 0 0 0 0 
0.0195 0.240404 1 0 0 0 0 
0.01975 0.242118 1 0 0 0 0 
0.02 0.243829 1 0 0 0 0 
ZONE I=5
0.02 0.243829 1 0 0 0 0 
0.02025 0.245538 1 0 0 0 0 
0.0205 0.247243 1 0 0 0 0 
0.02075 0.248944 1 0 0 0 0 
0.021 0.250642 1 0 0 0 0 
ZONE I=5
0.021 0.250642 1 0 0 0 0 
0.02125 0.252335 1 0 0 0 0 
0.0215 0.254022 1 0 0 0 0 
0.02175 0.255705 1 0 0 0 0 
0.022 0.257381 1 0 0 0 0 
ZONE I=5
0.022 0.257381 1 0 0 0 0 
0.02225 0.259052 1 0 0 0 0 
0.0225 0.260715 1 0 0 0 0 
0.02275 0.262372 1 0 0 0 0 
0.023 0.264021 1 0 0 0 0 
ZONE I=5
0.023 0.264021 1 0 0 0 0 
0.02325 0.265662 1 0 0 0 0 
0.0235 0.267294 1 0 0 0 0 
0.02375 0.268918 1 0 0 0 0 
0.024 0.270532 1 0 0 0 0 
ZONE I=5
0.024 0.270532 1 0 0 0 0 
0.02425 0.272137 1 0 0 0 0 
0.0245 0.273732 1 0 0 0 0 
0.02475 0.275316 1 0 0 0 0 
0.025 0.276889 1 0 0 0 0 
ZONE I=5
0.025 0.276889 1 0 0 0 0 
0.02525 0.278451 1 0 0 0 0 
0.0255 0.280001 1 0 0 0 0 
0.02575 0.281539 1 0 0 0 0 
0.026 0.283065 1 0 0 0 0 
ZONE I=5
0.026 0.283065 1 0 0 0 0 
0.02625 0.284578 1 0 0 0 0 
0.0265 0.286077 1 0 0 0 0 
0.02675 0.287562 1 0 0 0 0 
0.027 0.289034 1 0 0 0 0 
ZONE I=5
0.027 0.289034 1 0 0 0 0 
0.02725 0.290491 1 0 0 0 0 
0.0275 0.291933 1 0 0 0 0 
0.02775 0.293359 1 0 0 0 0 
0.028 0.294771 1 0 0 0 0 
ZONE I=5
0.028 0.294771 1 0 0 0 0 
0.02825 0.296166 1 0 0 0 0 
0.0285 0.297545 1 0 0 0 0 
0.02875 0.298907 1 0 0 0 0 
0.029 0.300252 1 0 0 0 0 
ZONE I=5
0.029 0.300252 1 0 0 0 0 
0.02925 0.30158 1 0 0 0 0 
0.0295 0.30289 1 0 0 0 0 
0.02975 0.304182 1 0 0 0 0 
0.03 0.305455 1 0 0 0 0 
ZONE I=5
0.03 0.305455 1 0 0 0 0 
0.03025 0.30671 1 0 0 0 0 
0.0305 0.307946 1 0 0 0 0 
0.03075 0.309162 1 0 0 0 0 
0.031 0.310358 1 0 0 0 0 
ZONE I=5
0.031 0.310358 1 0 0 0 0 
0.03125 0.311535 1 0 0 0 0 
0.0315 0.312691 1 0 0 0 0 
0.03175 0.313826 1 0 0 0 0 
0.032 0.314941 1 0 0 0 0 
ZONE I=5
0.032 0.314941 1 0 0 0 0 
0.03225 0.316034 1 0 0 0 0 
0.0325 0.317106 1 0 0 0 0 
0.03275 0.318156 1 0 0 0 0 
0.033 0.319184 1 0 0 0 0 
ZONE I=5
0.033 0.319184 1 0 0 0 0 
0.03325 0.320189 1 0 0 0 0 
0.0335 0.321172 1 0 0 0 0 
0.03375 0.322132 1 0 0 0 0 
0.034 0.32307 1 0 0 0 0 
ZONE I=5
0.034 0.32307 1 0 0 0 0 
0.03425 0.323984 1 0 0 0 0 
0.0345 0.324874 1 0 0 0 0 
0.03475 0.32574 1 0 0 0 0 
0.035 0.326583 1 0 0 0 0 
ZONE I=5
0.035 0.326583 1 0 0 0 0 
0.03525 0.327401 1 0 0 0 0 
0.0355 0.328194 1 0 0 0 0 
0.03575 0.328963 1 0 0 0 0 
0.036 0.329708 1 0 0 0 0 
ZONE I=5
0.036 0.329708 1 0 0 0 0 
0.03625 0.330427 1 0 0 0 0 
0.0365 0.331121 1 0 0 0 0 
0.03675 0.331789 1 0 0 0 0 
0.037 0.332433 1 0 0 0 0 
ZONE I=5
0.037 0.332433 1 0 0 0 0 
0.03725 0.33305 1 0 0 0 0 
0.0375 0.333641 1 0 0 0 0 
0.03775 0.334207 1 0 0 0 0 
0.038 0.334746 1 0 0 0 0 
ZONE I=5
0.038 0.334746 1 0 0 0 0 
0.03825 0.335259 1 0 0 0 0 
0.0385 0.335745 1 0 0 0 0 
0.03875 0.336205 1 0 0 0 0 
0.039 0.336638 1 0 0 0 0 
ZONE I=5
0.039 0.336638 1 0 0 0 0 
0.03925 0.337045 1 0 0 0 0 
0.0395 0.337424 1 0 0 0 0 
0.03975 0.337776 1 0 0 0 0 
0.04 0.338102 1 0 0 0 0 
ZONE I=5
0.04 0.338102 1 0 0 0 0 
0.04025 0.3384 1 0 0 0 0 
0.0405 0.338671 1 0 0 0 0 
0.04075 0.338915 1 0 0 0 0 
0.041 0.339131 1 0 0 0 0 
ZONE I=5
0.041 0.339131 1 0 0 0 0 
0.04125 0.33932 1 0 0 0 0 
0.0415 0.339481 1 0 0 0 0 
0.04175 0.339615 1 0 0 0 0 
0.042 0.339721 1 0 0 0 0 
ZONE I=5
0.042 0.339721 1 0 0 0 0 
0.04225 0.3398 1 0 0 0 0 
0.0425 0.339851 1 0 0 0 0 
0.04275 0.339875 1 0 0 0 0 
0.043 0.339871 1 0 0 0 0 
ZONE I=5
0.043 0.339871 1 0 0 0 0 
0.04325 0.339839 1 0 0 0 0 
0.0435 0.33978 1 0 0 0 0 
0.04375 0.339693 1 0 0 0 0 
0.044 0.339579 1 0 0 0 0 
ZONE I=5
0.044 0.339579 1 0 0 0 0 
0.04425 0.339437 1 0 0 0 0 
0.0445 0.339268 1 0 0 0 0 
0.04475 0.339071 1 0 0 0 0 
0.045 0.338847 1 0 0 0 0 
ZONE I=5
0.045 0.338847 1 0 0 0 0 
0.04525 0.338595 1 0 0 0 0 
0.0455 0.338317 1 0 0 0 0 
0.04575 0.338011 1 0 0 0 0 
0.046 0.337678 1 0 0 0 0 
ZONE I=5
0.046 0.337678 1 0 0 0 0 
0.04625 0.337318 1 0 0 0 0 
0.0465 0.336931 1 0 0 0 0 
0.04675 0.336517 1 0 0 0 0 
0.047 0.336077 1 0 0 0 0 
ZONE I=5
0.047 0.336077 1 0 0 0 0 
0.04725 0.33561 1 0 0 0 0 
0.0475 0.335116 1 0 0 0 0 
0.04775 0.334596 1 0 0 0 0 
0.048 0.33405 1 0 0 0 0 
ZONE I=5
0.048 0.33405 1 0 0 0 0 
0.04825 0.333478 1 0 0 0 0 
0.0485 0.33288 1 0 0 0 0 
0.04875 0.332256 1 0 0 0 0 
0.049 0.331607 1 0 0 0 0 
ZONE I=5
0.049 0.331607 1 0 0 0 0 
0.04925 0.330932 1 0 0 0 0 
0.0495 0.330232 1 0 0 0 0 
0.04975 0.329506 1 0 0 0 0 
0.05 0.328756 1 0 0 0 0 
ZONE I=5
0.05 0.328756 1 0 0 0 0 
0.05025 0.327981 1 0 0 0 0 
0.0505 0.327182 1 0 0 0 0 
0.05075 0.326358 1 0 0 0 0 
0.051 0.32551 1 0 0 0 0 
ZONE I=5
0.051 0.32551 1 0 0 0 0 
0.05125 0.324638 1 0 0 0 0 
0.0515 0.323743 1 0 0 0 0 
0.05175 0.322824 1 0 0 0 0 
0.052 0.321882 1 0 0 0 0 
ZONE I=5
0.052 0.321882 1 0 0 0 0 
0.05225 0.320916 1 0 0 0 0 
0.0525 0.319929 1 0 0 0 0 
0.05275 0.318919 1 0 0 0 0 
0.053 0.317886 1 0 0 0 0 
ZONE I=5
0.053 0.317886 1 0 0 0 0 
0.05325 0.316832 1 0 0 0 0 
0.0535 0.315756 1 0 0 0 0 
0.05375 0.314658 1 0 0 0 0 
0.054 0.31354 1 0 0 0 0 
ZONE I=5
0.054 0.31354 1 0 0 0 0 
0.05425 0.3124 1 0 0 0 0 
0.0545 0.31124 1 0 0 0 0 
0.05475 0.31006 1 0 0 0 0 
0.055 0.30886 1 0 0 0 0 
ZONE I=5
0.055 0.30886 1 0 0 0 0 
0.05525 0.30764 1 0 0 0 0 
0.0555 0.306401 1 0 0 0 0 
0.05575 0.305143 1 0 0 0 0 
0.056 0.303866 1 0 0 0 0 
ZONE I=5
0.056 0.303866 1 0 0 0 0 
0.05625 0.302571 1 0 0 0 0 
0.0565 0.301258 1 0 0 0 0 
0.05675 0.299927 1 0 0 0 0 
0.057 0.298578 1 0 0 0 0 
ZONE I=5
0.057 0.298578 1 0 0 0 0 
0.05725 0.297213 1 0 0 0 0 
0.0575 0.295831 1 0 0 0 0 
0.05775 0.294433 1 0 0 0 0 
0.058 0.293018 1 0 0 0 0 
ZONE I=5
0.058 0.293018 1 0 0 0 0 
0.05825 0.291588 1 0 0 0 0 
0.0585 0.290143 1 0 0 0 0 
0.05875 0.288684 1 0 0 0 0 
0.059 0.287209 1 0 0 0 0 
ZONE I=5
0.059 0.287209 1 0 0 0 0 
0.05925 0.28572 1 0 0 0 0 
0.0595 0.284218 1 0 0 0 0 
0.05975 0.282702 1 0 0 0 0 
0.06 0.281173 1 0 0 0 0 
ZONE I=5
0.06 0.281173 1 0 0 0 0 
0.06025 0.279632 1 0 0 0 0 
0.0605 0.278079 1 0 0 0 0 
0.06075 0.276514 1 0 0 0 0 
0.061 0.274937 1 0 0 0 0 
ZONE I=5
0.061 0.274937 1 0 0 0 0 
0.06125 0.273349 1 0 0 0 0 
0.0615 0.271751 1 0 0 0 0 
0.06175 0.270142 1 0 0 0 0 
0.062 0.268524 1 0 0 0 0 
ZONE I=5
0.062 0.268524 1 0 0 0 0 
0.06225 0.266896 1 0 0 0 0 
0.0625 0.26526 1 0 0 0 0 
0.06275 0.263615 1 0 0 0 0 
0.063 0.261962 1 0 0 0 0 
ZONE I=5
0.063 0.261962 1 0 0 0 0 
0.06325 0.260301 1 0 0 0 0 
0.0635 0.258633 1 0 0 0 0 
0.06375 0.256958 1 0 0 0 0 
0.064 0.255276 1 0 0 0 0 
ZONE I=5
0.064 0.255276 1 0 0 0 0 
0.06425 0.253589 1 0 0 0 0 
0.0645 0.251896 1 0 0 0 0 
0.06475 0.250198 1 0 0 0 0 
0.065 0.248495 1 0 0 0 0 
ZONE I=5
0.065 0.248495 1 0 0 0 0 
0.06525 0.246788 1 0 0 0 0 
0.0655 0.245077 1 0 0 0 0 
0.06575 0.243363 1 0 0 0 0 
0.066 0.241646 1 0 0 0 0 
ZONE I=5
0.066 0.241646 1 0 0 0 0 
0.06625 0.239926 1 0 0 0 0 
0.0665 0.238204 1 0 0 0 0 
0.06675 0.236481 1 0 0 0 0 
0.067 0.234756 1 0 0 0 0 
ZONE I=5
0.067 0.234756 1 0 0 0 0 
0.06725 0.23303 1 0 0 0 0 
0.0675 0.231304 1 0 0 0 0 
0.06775 0.229579 1 0 0 0 0 
0.068 0.227853 1 0 0 0 0 
ZONE I=5
0.068 0.227853 1 0 0 0 0 
0.06825 0.226129 1 0 0 0 0 
0.0685 0.224406 1 0 0 0 0 
0.06875 0.222686 1 0 0 0 0 
0.069 0.220967 1 0 0 0 0 
ZONE I=5
0.069 0.220967 1 0 0 0 0 
0.06925 0.21925 1 0 0 0 0 
0.0695 0.217538 1 0 0 0 0 
0.06975 0.215829 1 0 0 0 0 
0.07 0.214123 1 0 0 0 0 
ZONE I=5
0.07 0.214123 1 0 0 0 0 
0.07025 0.212422 1 0 0 0 0 
0.0705 0.210726 1 0 0 0 0 
0.07075 0.209036 1 0 0 0 0 
0.071 0.207351 1 0 0 0 0 
ZONE I=5
0.071 0.207351 1 0 0 0 0 
0.07125 0.205672 1 0 0 0 0 
0.0715 0.203999 1 0 0 0 0 
0.07175 0.202334 1 0 0 0 0 
0.072 0.200676 1 0 0 0 0 
ZONE I=5
0.072 0.200676 1 0 0 0 0 
0.07225 0.199026 1 0 0 0 0 
0.0725 0.197384 1 0 0 0 0 
0.07275 0.195751 1 0 0 0 0 
0.073 0.194126 1 0 0 0 0 
ZONE I=5
0.073 0.194126 1 0 0 0 0 
0.07325 0.192511 1 0 0 0 0 
0.0735 0.190906 1 0 0 0 0 
0.07375 0.189311 1 0 0 0 0 
0.074 0.187727 1 0 0 0 0 
ZONE I=5
0.074 0.187727 1 0 0 0 0 
0.07425 0.186153 1 0 0 0 0 
0.0745 0.184592 1 0 0 0 0 
0.07475 0.183042 1 0 0 0 0 
0.075 0.181504 1 0 0 0 0 
ZONE I=5
0.075 0.181504 1 0 0 0 0 
0.07525 0.179978 1 0 0 0 0 
0.0755 0.178466 1 0 0 0 0 
0.07575 0.176966 1 0 0 0 0 
0.076 0.17548 1 0 0 0 0 
ZONE I=5
0.076 0.17548 1 0 0 0 0 
0.07625 0.174009 1 0 0 0 0 
0.0765 0.172551 1 0 0 0 0 
0.07675 0.171109 1 0 0 0 0 
0.077 0.169681 1 0 0 0 0 
ZONE I=5
0.077 0.169681 1 0 0 0 0 
0.07725 0.168268 1 0 0 0 0 
0.0775 0.166872 1 0 0 0 0 
0.07775 0.165492 1 0 0 0 0 
0.078 0.164127 1 0 0 0 0 
ZONE I=5
0.078 0.164127 1 0 0 0 0 
0.07825 0.16278 1 0 0 0 0 
0.0785 0.161449 1 0 0 0 0 
0.07875 0.160136 1 0 0 0 0 
0.079 0.158841 1 0 0 0 0 
ZONE I=5
0.079 0.158841 1 0 0 0 0 
0.07925 0.157563 1 0 0 0 0 
0.0795 0.156304 1 0 0 0 0 
0.07975 0.155063 1 0 0 0 0 
0.08 0.153841 1 0 0 0 0 
ZONE I=5
0.08 0.153841 1 0 0 0 0 
0.08025 0.152638 1 0 0 0 0 
0.0805 0.151454 1 0 0 0 0 
0.08075 0.150291 1 0 0 0 0 
0.081 0.149147 1 0 0 0 0 
ZONE I=5
0.081 0.149147 1 0 0 0 0 
0.08125 0.148023 1 0 0 0 0 
0.0815 0.146919 1 0 0 0 0 
0.08175 0.145837 1 0 0 0 0 
0.082 0.144775 1 0 0 0 0 
ZONE I=5
0.082 0.144775 1 0 0 0 0 
0.08225 0.143734 1 0 0 0 0 
0.0825 0.142715 1 0 0 0 0 
0.08275 0.141717 1 0 0 0 0 
0.083 0.140741 1 0 0 0 0 
ZONE I=5
0.083 0.140741 1 0 0 0 0 
0.08325 0.139787 1 0 0 0 0 
0.0835 0.138856 1 0 0 0 0 
0.08375 0.137947 1 0 0 0 0 
0.084 0.13706 1 0 0 0 0 
ZONE I=5
0.084 0.13706 1 0 0 0 0 
0.08425 0.136196 1 0 0 0 0 
0.0845 0.135356 1 0 0 0 0 
0.08475 0.134538 1 0 0 0 0 
0.085 0.133744 1 0 0 0 0 
ZONE I=5
0.085 0.133744 1 0 0 0 0 
0.08525 0.132974 1 0 0 0 0 
0.0855 0.132227 1 0 0 0 0 
0.08575 0.131504 1 0 0 0 0 
0.086 0.130805 1 0 0 0 0 
ZONE I=5
0.086 0.130805 1 0 0 0 0 
0.08625 0.13013 1 0 0 0 0 
0.0865 0.12948 1 0 0 0 0 
0.08675 0.128854 1 0 0 0 0 
0.087 0.128252 1 0 0 0 0 
ZONE I=5
0.087 0.128252 1 0 0 0 0 
0.08725 0.127675 1 0 0 0 0 
0.0875 0.127123 1 0 0 0 0 
0.08775 0.126596 1 0 0 0 0 
0.088 0.126094 1 0 0 0 0 
ZONE I=5
0.088 0.126094 1 0 0 0 0 
0.08825 0.125617 1 0 0 0 0 
0.0885 0.125165 1 0 0 0 0 
0.08875 0.124738 1 0 0 0 0 
0.089 0.124337 1 0 0 0 0 
ZONE I=5
0.089 0.124337 1 0 0 0 0 
0.08925 0.123961 1 0 0 0 0 
0.0895 0.123611 1 0 0 0 0 
0.08975 0.123286 1 0 0 0 0 
0.09 0.122987 1 0 0 0 0 
ZONE I=5
0.09 0.122987 1 0 0 0 0 
0.09025 0.122714 1 0 0 0 0 
0.0905 0.122466 1 0 0 0 0 
0.09075 0.122245 1 0 0 0 0 
0.091 0.122049 1 0 0 0 0 
ZONE I=5
0.091 0.122049 1 0 0 0 0 
0.09125 0.121879 1 0 0 0 0 
0.0915 0.121734 1 0 0 0 0 
0.09175 0.121616 1 0 0 0 0 
0.092 0.121524 1 0 0 0 0 
ZONE I=5
0.092 0.121524 1 0 0 0 0 
0.09225 0.121457 1 0 0 0 0 
0.0925 0.121417 1 0 0 0 0 
0.09275 0.121402 1 0 0 0 0 
0.093 0.121413 1 0 0 0 0 
ZONE I=5
0.093 0.121413 1 0 0 0 0 
0.09325 0.121451 1 0 0 0 0 
0.0935 0.121514 1 0 0 0 0 
0.09375 0.121603 1 0 0 0 0 
0.094 0.121718 1 0 0 0 0 
ZONE I=5
0.094 0.121718 1 0 0 0 0 
0.09425 0.121859 1 0 0 0 0 
0.0945 0.122026 1 0 0 0 0 
0.09475 0.122218 1 0 0 0 0 
0.095 0.122436 1 0 0 0 0 
ZONE I=5
0.095 0.122436 1 0 0 0 0 
0.09525 0.12268 1 0 0 0 0 
0.0955 0.12295 1 0 0 0 0 
0.09575 0.123245 1 0 0 0 0 
0.096 0.123565 1 0 0 0 0 
ZONE I=5
0.096 0.123565 1 0 0 0 0 
0.09625 0.123911 1 0 0 0 0 
0.0965 0.124283 1 0 0 0 0 
0.09675 0.124679 1 0 0 0 0 
0.097 0.125101 1 0 0 0 0 
ZONE I=5
0.097 0.125101 1 0 0 0 0 
0.09725 0.125548 1 0 0 0 0 
0.0975 0.12602 1 0 0 0 0 
0.09775 0.126516 1 0 0 0 0 
0.098 0.127038 1 0 0 0 0 
ZONE I=5
0.098 0.127038 1 0 0 0 0 
0.09825 0.127584 1 0 0 0 0 
0.0985 0.128154 1 0 0 0 0 
0.09875 0.128749 1 0 0 0 0 
0.099 0.129369 1 0 0 0 0 
ZONE I=5
0.099 0.129369 1 0 0 0 0 
0.09925 0.130012 1 0 0 0 0 
0.0995 0.13068 1 0 0 0 0 
0.09975 0.131371 1 0 0 0 0 
0.1 0.132086 1 0 0 0 0 
