ZONE I=5
0 -0.303348 1 0 0 0 0 
0.00025 -0.301835 0.973009 0 0 0 0 
0.0005 -0.289885 0.963095 0 0 0 0 
0.00075 -0.267496 0.970257 0 0 0 0 
0.001 -0.234668 0.994496 0 0 0 0 
ZONE I=5
0.001 -0.234668 0.994496 0 0 0 0 
0.00125 -0.227737 0.971843 0 0 0 0 
0.0015 -0.213917 0.96462 0 0 0 0 
0.00175 -0.193208 0.972826 0 0 0 0 
0.002 -0.16561 0.996462 0 0 0 0 
ZONE I=5
0.002 -0.16561 0.996462 0 0 0 0 
0.00225 -0.156154 0.97356 0 0 0 0 
0.0025 -0.142154 0.966227 0 0 0 0 
0.00275 -0.123612 0.974466 0 0 0 0 
0.003 -0.100526 0.998274 0 0 0 0 
ZONE I=5
0.003 -0.100526 0.998274 0 0 0 0 
0.00325 -0.08858 0.975187 0 0 0 0 
0.0035 -0.0743389 0.967776 0 0 0 0 
0.00375 -0.0578029 0.976041 0 0 0 0 
0.004 -0.0389718 0.999982 0 0 0 0 
ZONE I=5
0.004 -0.0389718 0.999982 0 0 0 0 
0.00425 -0.0246018 0.976734 0 0 0 0 
0.0045 -0.0100839 0.969253 0 0 0 0 
0.00475 0.0045819 0.97754 0 0 0 0 
0.005 0.0193955 1.00159 0 0 0 0 
ZONE I=5
0.005 0.0193955 1.00159 0 0 0 0 
0.00525 0.036111 0.978235 0 0 0 0 
0.0055 0.050925 0.97071 0 0 0 0 
0.00575 0.0638376 0.979019 0 0 0 0 
0.006 0.0748486 1.00316 0 0 0 0 
ZONE I=5
0.006 0.0748486 1.00316 0 0 0 0 
0.00625 0.0938249 0.979674 0 0 0 0 
0.0065 0.108943 0.972093 0 0 0 0 
0.00675 0.120202 0.98042 0 0 0 0 
0.007 0.127602 1.00466 0 0 0 0 
ZONE I=5
0.007 0.127602 1.00466 0 0 0 0 
0.00725 0.148751 0.981049 0 0 0 0 
0.0075 0.164171 0.973419 0 0 0 0 
0.00775 0.173863 0.981764 0 0 0 0 
0.008 0.177826 1.00609 0 0 0 0 
ZONE I=5
0.008 0.177826 1.00609 0 0 0 0 
0.00825 0.201056 0.982369 0 0 0 0 
0.0085 0.21677 0.974693 0 0 0 0 
0.00875 0.22497 0.983056 0 0 0 0 
0.009 0.225654 1.00746 0 0 0 0 
ZONE I=5
0.009 0.225654 1.00746 0 0 0 0 
0.00925 0.25087 0.983639 0 0 0 0 
0.0095 0.266864 0.975919 0 0 0 0 
0.00975 0.273636 0.984299 0 0 0 0 
0.01 0.271187 1.00878 0 0 0 0 
ZONE I=5
0.01 0.271187 1.00878 0 0 0 0 
0.01025 0.298292 0.98486 0 0 0 0 
0.0105 0.314546 0.977098 0 0 0 0 
0.01075 0.31995 0.985494 0 0 0 0 
0.011 0.314503 1.01005 0 0 0 0 
ZONE I=5
0.011 0.314503 1.01005 0 0 0 0 
0.01125 0.343397 0.986034 0 0 0 0 
0.0115 0.359887 0.978232 0 0 0 0 
0.01175 0.363975 0.986644 0 0 0 0 
0.012 0.35566 1.01127 0 0 0 0 
ZONE I=5
0.012 0.35566 1.01127 0 0 0 0 
0.01225 0.38624 0.987163 0 0 0 0 
0.0125 0.40294 0.979323 0 0 0 0 
0.01275 0.405759 0.98775 0 0 0 0 
0.013 0.394697 1.01244 0 0 0 0 
ZONE I=5
0.013 0.394697 1.01244 0 0 0 0 
0.01325 0.42686 0.988248 0 0 0 0 
0.0135 0.443738 0.980371 0 0 0 0 
0.01375 0.445332 0.988812 0 0 0 0 
0.014 0.431642 1.01357 0 0 0 0 
ZONE I=5
0.014 0.431642 1.01357 0 0 0 0 
0.01425 0.465281 0.98929 0 0 0 0 
0.0145 0.482306 0.981377 0 0 0 0 
0.01475 0.482716 0.989831 0 0 0 0 
0.015 0.466511 1.01465 0 0 0 0 
ZONE I=5
0.015 0.466511 1.01465 0 0 0 0 
0.01525 0.501519 0.99029 0 0 0 0 
0.0155 0.518655 0.982341 0 0 0 0 
0.01575 0.51792 0.990809 0 0 0 0 
0.016 0.499314 1.01569 0 0 0 0 
ZONE I=5
0.016 0.499314 1.01569 0 0 0 0 
0.01625 0.53558 0.991247 0 0 0 0 
0.0165 0.552791 0.983265 0 0 0 0 
0.01675 0.550948 0.991745 0 0 0 0 
0.017 0.530051 1.01669 0 0 0 0 
ZONE I=5
0.017 0.530051 1.01669 0 0 0 0 
0.01725 0.567464 0.992164 0 0 0 0 
0.0175 0.584713 0.984148 0 0 0 0 
0.01775 0.581799 0.992639 0 0 0 0 
0.018 0.558721 1.01764 0 0 0 0 
ZONE I=5
0.018 0.558721 1.01764 0 0 0 0 
0.01825 0.597169 0.993038 0 0 0 0 
0.0185 0.614417 0.98499 0 0 0 0 
0.01875 0.610467 0.993492 0 0 0 0 
0.019 0.585318 1.01855 0 0 0 0 
ZONE I=5
0.019 0.585318 1.01855 0 0 0 0 
0.01925 0.624686 0.993872 0 0 0 0 
0.0195 0.641895 0.985791 0 0 0 0 
0.01975 0.636944 0.994304 0 0 0 0 
0.02 0.609834 1.01941 0 0 0 0 
ZONE I=5
0.02 0.609834 1.01941 0 0 0 0 
0.02025 0.650009 0.994664 0 0 0 0 
0.0205 0.667138 0.986552 0 0 0 0 
0.02075 0.661222 0.995075 0 0 0 0 
0.021 0.632262 1.02023 0 0 0 0 
ZONE I=5
0.021 0.632262 1.02023 0 0 0 0 
0.02125 0.673127 0.995415 0 0 0 0 
0.0215 0.690137 0.987273 0 0 0 0 
0.02175 0.683292 0.995805 0 0 0 0 
0.022 0.652592 1.02101 0 0 0 0 
ZONE I=5
0.022 0.652592 1.02101 0 0 0 0 
0.02225 0.694032 0.996126 0 0 0 0 
0.0225 0.710884 0.987953 0 0 0 0 
0.02275 0.703146 0.996494 0 0 0 0 
0.023 0.670819 1.02175 0 0 0 0 
ZONE I=5
0.023 0.670819 1.02175 0 0 0 0 
0.02325 0.712718 0.996794 0 0 0 0 
0.0235 0.72937 0.988592 0 0 0 0 
0.02375 0.720776 0.997141 0 0 0 0 
0.024 0.686935 1.02244 0 0 0 0 
ZONE I=5
0.024 0.686935 1.02244 0 0 0 0 
0.02425 0.729177 0.997422 0 0 0 0 
0.0245 0.745592 0.98919 0 0 0 0 
0.02475 0.736179 0.997747 0 0 0 0 
0.025 0.700938 1.02309 0 0 0 0 
ZONE I=5
0.025 0.700938 1.02309 0 0 0 0 
0.02525 0.743408 0.998008 0 0 0 0 
0.0255 0.759546 0.989747 0 0 0 0 
0.02575 0.749352 0.998312 0 0 0 0 
0.026 0.712827 1.0237 0 0 0 0 
ZONE I=5
0.026 0.712827 1.0237 0 0 0 0 
0.02625 0.755409 0.998553 0 0 0 0 
0.0265 0.771232 0.990264 0 0 0 0 
0.02675 0.760297 0.998835 0 0 0 0 
0.027 0.722604 1.02427 0 0 0 0 
ZONE I=5
0.027 0.722604 1.02427 0 0 0 0 
0.02725 0.765183 0.999056 0 0 0 0 
0.0275 0.780655 0.990739 0 0 0 0 
0.02775 0.769018 0.999317 0 0 0 0 
0.028 0.730274 1.02479 0 0 0 0 
ZONE I=5
0.028 0.730274 1.02479 0 0 0 0 
0.02825 0.772738 0.999517 0 0 0 0 
0.0285 0.787821 0.991174 0 0 0 0 
0.02875 0.775524 0.999757 0 0 0 0 
0.029 0.735847 1.02527 0 0 0 0 
ZONE I=5
0.029 0.735847 1.02527 0 0 0 0 
0.02925 0.778083 0.999938 0 0 0 0 
0.0295 0.792744 0.991567 0 0 0 0 
0.02975 0.779828 1.00016 0 0 0 0 
0.03 0.739337 1.0257 0 0 0 0 
ZONE I=5
0.03 0.739337 1.0257 0 0 0 0 
0.03025 0.781235 1.00032 0 0 0 0 
0.0305 0.795438 0.99192 0 0 0 0 
0.03075 0.781946 1.00051 0 0 0 0 
0.031 0.740759 1.0261 0 0 0 0 
ZONE I=5
0.031 0.740759 1.0261 0 0 0 0 
0.03125 0.782211 1.00065 0 0 0 0 
0.0315 0.795924 0.992232 0 0 0 0 
0.03175 0.7819 1.00083 0 0 0 0 
0.032 0.740137 1.02645 0 0 0 0 
ZONE I=5
0.032 0.740137 1.02645 0 0 0 0 
0.03225 0.781035 1.00095 0 0 0 0 
0.0325 0.794228 0.992503 0 0 0 0 
0.03275 0.779715 1.0011 0 0 0 0 
0.033 0.737496 1.02675 0 0 0 0 
ZONE I=5
0.033 0.737496 1.02675 0 0 0 0 
0.03325 0.777737 1.00121 0 0 0 0 
0.0335 0.790379 0.992733 0 0 0 0 
0.03375 0.775423 1.00134 0 0 0 0 
0.034 0.732867 1.02702 0 0 0 0 
ZONE I=5
0.034 0.732867 1.02702 0 0 0 0 
0.03425 0.772349 1.00142 0 0 0 0 
0.0345 0.784413 0.992923 0 0 0 0 
0.03475 0.769058 1.00153 0 0 0 0 
0.035 0.726285 1.02724 0 0 0 0 
ZONE I=5
0.035 0.726285 1.02724 0 0 0 0 
0.03525 0.764909 1.00159 0 0 0 0 
0.0355 0.776368 0.993073 0 0 0 0 
0.03575 0.760661 1.00168 0 0 0 0 
0.036 0.717789 1.02743 0 0 0 0 
ZONE I=5
0.036 0.717789 1.02743 0 0 0 0 
0.03625 0.75546 1.00173 0 0 0 0 
0.0365 0.766289 0.993184 0 0 0 0 
0.03675 0.750277 1.0018 0 0 0 0 
0.037 0.707424 1.02757 0 0 0 0 
ZONE I=5
0.037 0.707424 1.02757 0 0 0 0 
0.03725 0.744048 1.00182 0 0 0 0 
0.0375 0.754225 0.993255 0 0 0 0 
0.03775 0.737955 1.00187 0 0 0 0 
0.038 0.695237 1.02767 0 0 0 0 
ZONE I=5
0.038 0.695237 1.02767 0 0 0 0 
0.03825 0.730726 1.00187 0 0 0 0 
0.0385 0.74023 0.993287 0 0 0 0 
0.03875 0.723748 1.00191 0 0 0 0 
0.039 0.681281 1.02773 0 0 0 0 
ZONE I=5
0.039 0.681281 1.02773 0 0 0 0 
0.03925 0.71555 1.00189 0 0 0 0 
0.0395 0.724362 0.993282 0 0 0 0 
0.03975 0.707716 1.0019 0 0 0 0 
0.04 0.665614 1.02775 0 0 0 0 
ZONE I=5
0.04 0.665614 1.02775 0 0 0 0 
0.04025 0.698581 1.00187 0 0 0 0 
0.0405 0.706684 0.993238 0 0 0 0 
0.04075 0.689922 1.00186 0 0 0 0 
0.041 0.648296 1.02773 0 0 0 0 
ZONE I=5
0.041 0.648296 1.02773 0 0 0 0 
0.04125 0.679884 1.00181 0 0 0 0 
0.0415 0.687263 0.993157 0 0 0 0 
0.04175 0.670432 1.00178 0 0 0 0 
0.042 0.629393 1.02767 0 0 0 0 
ZONE I=5
0.042 0.629393 1.02767 0 0 0 0 
0.04225 0.659529 1.00171 0 0 0 0 
0.0425 0.666171 0.993041 0 0 0 0 
0.04275 0.649319 1.00166 0 0 0 0 
0.043 0.608973 1.02758 0 0 0 0 
ZONE I=5
0.043 0.608973 1.02758 0 0 0 0 
0.04325 0.637588 1.00158 0 0 0 0 
0.0435 0.643483 0.992888 0 0 0 0 
0.04375 0.626656 1.00151 0 0 0 0 
0.044 0.587108 1.02745 0 0 0 0 
ZONE I=5
0.044 0.587108 1.02745 0 0 0 0 
0.04425 0.614139 1.00141 0 0 0 0 
0.0445 0.619278 0.992701 0 0 0 0 
0.04475 0.602523 1.00132 0 0 0 0 
0.045 0.563876 1.02728 0 0 0 0 
ZONE I=5
0.045 0.563876 1.02728 0 0 0 0 
0.04525 0.589263 1.0012 0 0 0 0 
0.0455 0.593639 0.992479 0 0 0 0 
0.04575 0.577003 1.0011 0 0 0 0 
0.046 0.539355 1.02708 0 0 0 0 
ZONE I=5
0.046 0.539355 1.02708 0 0 0 0 
0.04625 0.563044 1.00097 0 0 0 0 
0.0465 0.566653 0.992225 0 0 0 0 
0.04675 0.55018 1.00085 0 0 0 0 
0.047 0.513626 1.02684 0 0 0 0 
ZONE I=5
0.047 0.513626 1.02684 0 0 0 0 
0.04725 0.535569 1.0007 0 0 0 0 
0.0475 0.538408 0.991939 0 0 0 0 
0.04775 0.522144 1.00056 0 0 0 0 
0.048 0.486776 1.02657 0 0 0 0 
ZONE I=5
0.048 0.486776 1.02657 0 0 0 0 
0.04825 0.506928 1.0004 0 0 0 0 
0.0485 0.508997 0.991621 0 0 0 0 
0.04875 0.492985 1.00025 0 0 0 0 
0.049 0.458892 1.02627 0 0 0 0 
ZONE I=5
0.049 0.458892 1.02627 0 0 0 0 
0.04925 0.477213 1.00007 0 0 0 0 
0.0495 0.478516 0.991274 0 0 0 0 
0.04975 0.462799 0.999899 0 0 0 0 
0.05 0.430062 1.02594 0 0 0 0 
ZONE I=5
0.05 0.430062 1.02594 0 0 0 0 
0.05025 0.446521 0.999704 0 0 0 0 
0.0505 0.447061 0.990898 0 0 0 0 
0.05075 0.43168 0.999523 0 0 0 0 
0.051 0.400381 1.02558 0 0 0 0 
ZONE I=5
0.051 0.400381 1.02558 0 0 0 0 
0.05125 0.414949 0.999314 0 0 0 0 
0.0515 0.414731 0.990494 0 0 0 0 
0.05175 0.399728 0.999119 0 0 0 0 
0.052 0.36994 1.02519 0 0 0 0 
ZONE I=5
0.052 0.36994 1.02519 0 0 0 0 
0.05225 0.382594 0.998897 0 0 0 0 
0.0525 0.381628 0.990064 0 0 0 0 
0.05275 0.367042 0.998689 0 0 0 0 
0.053 0.338835 1.02477 0 0 0 0 
ZONE I=5
0.053 0.338835 1.02477 0 0 0 0 
0.05325 0.349559 0.998455 0 0 0 0 
0.0535 0.347855 0.989609 0 0 0 0 
0.05375 0.333723 0.998233 0 0 0 0 
0.054 0.307163 1.02433 0 0 0 0 
ZONE I=5
0.054 0.307163 1.02433 0 0 0 0 
0.05425 0.315945 0.997988 0 0 0 0 
0.0545 0.313515 0.98913 0 0 0 0 
0.05475 0.299873 0.997754 0 0 0 0 
0.055 0.275019 1.02386 0 0 0 0 
ZONE I=5
0.055 0.275019 1.02386 0 0 0 0 
0.05525 0.281854 0.997497 0 0 0 0 
0.0555 0.278713 0.988628 0 0 0 0 
0.05575 0.265596 0.997252 0 0 0 0 
0.056 0.242504 1.02337 0 0 0 0 
ZONE I=5
0.056 0.242504 1.02337 0 0 0 0 
0.05625 0.24739 0.996985 0 0 0 0 
0.0565 0.243554 0.988104 0 0 0 0 
0.05675 0.230995 0.996728 0 0 0 0 
0.057 0.209713 1.02286 0 0 0 0 
ZONE I=5
0.057 0.209713 1.02286 0 0 0 0 
0.05725 0.212657 0.996452 0 0 0 0 
0.0575 0.208144 0.987561 0 0 0 0 
0.05775 0.196174 0.996185 0 0 0 0 
0.058 0.176746 1.02232 0 0 0 0 
ZONE I=5
0.058 0.176746 1.02232 0 0 0 0 
0.05825 0.177759 0.9959 0 0 0 0 
0.0585 0.172589 0.987 0 0 0 0 
0.05875 0.161237 0.995624 0 0 0 0 
0.059 0.143701 1.02177 0 0 0 0 
ZONE I=5
0.059 0.143701 1.02177 0 0 0 0 
0.05925 0.142799 0.99533 0 0 0 0 
0.0595 0.136994 0.986421 0 0 0 0 
0.05975 0.126286 0.995045 0 0 0 0 
0.06 0.110675 1.0212 0 0 0 0 
ZONE I=5
0.06 0.110675 1.0212 0 0 0 0 
0.06025 0.107879 0.994744 0 0 0 0 
0.0605 0.101462 0.985826 0 0 0 0 
0.06075 0.0914238 0.994451 0 0 0 0 
0.061 0.077764 1.02062 0 0 0 0 
ZONE I=5
0.061 0.077764 1.02062 0 0 0 0 
0.06125 0.0731024 0.994143 0 0 0 0 
0.0615 0.0660986 0.985218 0 0 0 0 
0.06175 0.0567525 0.993843 0 0 0 0 
0.062 0.0450642 1.02002 0 0 0 0 
ZONE I=5
0.062 0.0450642 1.02002 0 0 0 0 
0.06225 0.0385691 0.993528 0 0 0 0 
0.0625 0.0310049 0.984597 0 0 0 0 
0.06275 0.0223717 0.993222 0 0 0 0 
0.063 0.0126695 1.0194 0 0 0 0 
ZONE I=5
0.063 0.0126695 1.0194 0 0 0 0 
0.06325 0.00437845 0.992903 0 0 0 0 
0.0635 -0.0037181 0.983964 0 0 0 0 
0.06375 -0.0116202 0.992589 0 0 0 0 
0.064 -0.0193277 1.01878 0 0 0 0 
ZONE I=5
0.064 -0.0193277 1.01878 0 0 0 0 
0.06425 -0.029372 0.992264 0 0 0 0 
0.0645 -0.0379716 0.98332 0 0 0 0 
0.06475 -0.0451266 0.991947 0 0 0 0 
0.065 -0.050837 1.01814 0 0 0 0 
ZONE I=5
0.065 -0.050837 1.01814 0 0 0 0 
0.06525 -0.0625869 0.991618 0 0 0 0 
0.0655 -0.0716591 0.982669 0 0 0 0 
0.06575 -0.0780535 0.991296 0 0 0 0 
0.066 -0.08177 1.0175 0 0 0 0 
ZONE I=5
0.066 -0.08177 1.0175 0 0 0 0 
0.06625 -0.0951733 0.990964 0 0 0 0 
0.0665 -0.104686 0.982011 0 0 0 0 
0.06675 -0.110309 0.990639 0 0 0 0 
0.067 -0.112041 1.01685 0 0 0 0 
ZONE I=5
0.067 -0.112041 1.01685 0 0 0 0 
0.06725 -0.127041 0.990305 0 0 0 0 
0.0675 -0.136962 0.981348 0 0 0 0 
0.06775 -0.141804 0.989977 0 0 0 0 
0.068 -0.141567 1.01619 0 0 0 0 
ZONE I=5
0.068 -0.141567 1.01619 0 0 0 0 
0.06825 -0.158102 0.989641 0 0 0 0 
0.0685 -0.168397 0.98068 0 0 0 0 
0.06875 -0.172452 0.989311 0 0 0 0 
0.069 -0.170267 1.01553 0 0 0 0 
ZONE I=5
0.069 -0.170267 1.01553 0 0 0 0 
0.06925 -0.188272 0.988974 0 0 0 0 
0.0695 -0.198907 0.98001 0 0 0 0 
0.06975 -0.202171 0.988643 0 0 0 0 
0.07 -0.198065 1.01487 0 0 0 0 
ZONE I=5
0.07 -0.198065 1.01487 0 0 0 0 
0.07025 -0.217471 0.988305 0 0 0 0 
0.0705 -0.228409 0.97934 0 0 0 0 
0.07075 -0.230882 0.987974 0 0 0 0 
0.071 -0.224888 1.01421 0 0 0 0 
ZONE I=5
0.071 -0.224888 1.01421 0 0 0 0 
0.07125 -0.24562 0.987636 0 0 0 0 
0.0715 -0.256827 0.978669 0 0 0 0 
0.07175 -0.258508 0.987305 0 0 0 0 
0.072 -0.250664 1.01354 0 0 0 0 
ZONE I=5
0.072 -0.250664 1.01354 0 0 0 0 
0.07225 -0.272647 0.986969 0 0 0 0 
0.0725 -0.284085 0.978 0 0 0 0 
0.07275 -0.284979 0.986638 0 0 0 0 
0.073 -0.275328 1.01288 0 0 0 0 
ZONE I=5
0.073 -0.275328 1.01288 0 0 0 0 
0.07325 -0.298481 0.986304 0 0 0 0 
0.0735 -0.310114 0.977334 0 0 0 0 
0.07375 -0.310226 0.985974 0 0 0 0 
0.074 -0.298817 1.01222 0 0 0 0 
ZONE I=5
0.074 -0.298817 1.01222 0 0 0 0 
0.07425 -0.323058 0.985642 0 0 0 0 
0.0745 -0.334848 0.976673 0 0 0 0 
0.07475 -0.334187 0.985316 0 0 0 0 
0.075 -0.321074 1.01157 0 0 0 0 
ZONE I=5
0.075 -0.321074 1.01157 0 0 0 0 
0.07525 -0.346317 0.984986 0 0 0 0 
0.0755 -0.358226 0.976017 0 0 0 0 
0.07575 -0.356802 0.984663 0 0 0 0 
0.076 -0.342044 1.01092 0 0 0 0 
ZONE I=5
0.076 -0.342044 1.01092 0 0 0 0 
0.07625 -0.368201 0.984337 0 0 0 0 
0.0765 -0.380192 0.975368 0 0 0 0 
0.07675 -0.378018 0.984017 0 0 0 0 
0.077 -0.361679 1.01028 0 0 0 0 
ZONE I=5
0.077 -0.361679 1.01028 0 0 0 0 
0.07725 -0.388658 0.983695 0 0 0 0 
0.0775 -0.400694 0.974728 0 0 0 0 
0.07775 -0.397785 0.983379 0 0 0 0 
0.078 -0.379932 1.00965 0 0 0 0 
ZONE I=5
0.078 -0.379932 1.00965 0 0 0 0 
0.07825 -0.407643 0.983063 0 0 0 0 
0.0785 -0.419685 0.974097 0 0 0 0 
0.07875 -0.416059 0.982752 0 0 0 0 
0.079 -0.396764 1.00903 0 0 0 0 
ZONE I=5
0.079 -0.396764 1.00903 0 0 0 0 
0.07925 -0.425112 0.982441 0 0 0 0 
0.0795 -0.437123 0.973476 0 0 0 0 
0.07975 -0.432799 0.982135 0 0 0 0 
0.08 -0.412139 1.00842 0 0 0 0 
ZONE I=5
0.08 -0.412139 1.00842 0 0 0 0 
0.08025 -0.441028 0.98183 0 0 0 0 
0.0805 -0.452973 0.972867 0 0 0 0 
0.08075 -0.447972 0.98153 0 0 0 0 
0.081 -0.426026 1.00782 0 0 0 0 
ZONE I=5
0.081 -0.426026 1.00782 0 0 0 0 
0.08125 -0.455361 0.981231 0 0 0 0 
0.0815 -0.467201 0.972272 0 0 0 0 
0.08175 -0.461547 0.980938 0 0 0 0 
0.082 -0.438398 1.00723 0 0 0 0 
ZONE I=5
0.082 -0.438398 1.00723 0 0 0 0 
0.08225 -0.468082 0.980646 0 0 0 0 
0.0825 -0.479782 0.971689 0 0 0 0 
0.08275 -0.473499 0.98036 0 0 0 0 
0.083 -0.449234 1.00666 0 0 0 0 
ZONE I=5
0.083 -0.449234 1.00666 0 0 0 0 
0.08325 -0.479168 0.980075 0 0 0 0 
0.0835 -0.490693 0.971122 0 0 0 0 
0.08375 -0.483809 0.979797 0 0 0 0 
0.084 -0.458515 1.0061 0 0 0 0 
ZONE I=5
0.084 -0.458515 1.0061 0 0 0 0 
0.08425 -0.488602 0.97952 0 0 0 0 
0.0845 -0.499917 0.970571 0 0 0 0 
0.08475 -0.492459 0.97925 0 0 0 0 
0.085 -0.466227 1.00556 0 0 0 0 
ZONE I=5
0.085 -0.466227 1.00556 0 0 0 0 
0.08525 -0.49637 0.978982 0 0 0 0 
0.0855 -0.50744 0.970036 0 0 0 0 
0.08575 -0.499437 0.978719 0 0 0 0 
0.086 -0.472361 1.00503 0 0 0 0 
ZONE I=5
0.086 -0.472361 1.00503 0 0 0 0 
0.08625 -0.502459 0.97846 0 0 0 0 
0.0865 -0.513249 0.969518 0 0 0 0 
0.08675 -0.504731 0.978207 0 0 0 0 
0.087 -0.476905 1.00453 0 0 0 0 
ZONE I=5
0.087 -0.476905 1.00453 0 0 0 0 
0.08725 -0.50686 0.977957 0 0 0 0 
0.0875 -0.517336 0.969019 0 0 0 0 
0.08775 -0.508333 0.977713 0 0 0 0 
0.088 -0.479851 1.00404 0 0 0 0 
ZONE I=5
0.088 -0.479851 1.00404 0 0 0 0 
0.08825 -0.509561 0.977472 0 0 0 0 
0.0885 -0.519686 0.968539 0 0 0 0 
0.08875 -0.510227 0.977238 0 0 0 0 
0.089 -0.481184 1.00357 0 0 0 0 
ZONE I=5
0.089 -0.481184 1.00357 0 0 0 0 
0.08925 -0.510544 0.977007 0 0 0 0 
0.0895 -0.520281 0.968079 0 0 0 0 
0.08975 -0.510393 0.976783 0 0 0 0 
0.09 -0.48088 1.00312 0 0 0 0 
ZONE I=5
0.09 -0.48088 1.00312 0 0 0 0 
0.09025 -0.509781 0.976562 0 0 0 0 
0.0905 -0.519084 0.967639 0 0 0 0 
0.09075 -0.508789 0.976348 0 0 0 0 
0.091 -0.478897 1.00269 0 0 0 0 
ZONE I=5
0.091 -0.478897 1.00269 0 0 0 0 
0.09125 -0.507216 0.976138 0 0 0 0 
0.0915 -0.516032 0.96722 0 0 0 0 
0.09175 -0.505345 0.975935 0 0 0 0 
0.092 -0.475154 1.00228 0 0 0 0 
ZONE I=5
0.092 -0.475154 1.00228 0 0 0 0 
0.09225 -0.502751 0.975736 0 0 0 0 
0.0925 -0.511009 0.966823 0 0 0 0 
0.09275 -0.499928 0.975544 0 0 0 0 
0.093 -0.469508 1.0019 0 0 0 0 
ZONE I=5
0.093 -0.469508 1.0019 0 0 0 0 
0.09325 -0.496207 0.975356 0 0 0 0 
0.0935 -0.503806 0.966448 0 0 0 0 
0.09375 -0.492306 0.975176 0 0 0 0 
0.094 -0.461705 1.00154 0 0 0 0 
ZONE I=5
0.094 -0.461705 1.00154 0 0 0 0 
0.09425 -0.487272 0.975 0 0 0 0 
0.0945 -0.49406 0.966098 0 0 0 0 
0.09475 -0.482071 0.974832 0 0 0 0 
0.095 -0.451303 1.0012 0 0 0 0 
ZONE I=5
0.095 -0.451303 1.0012 0 0 0 0 
0.09525 -0.475401 0.974669 0 0 0 0 
0.0955 -0.481139 0.965773 0 0 0 0 
0.09575 -0.468516 0.974513 0 0 0 0 
0.096 -0.437532 1.00089 0 0 0 0 
ZONE I=5
0.096 -0.437532 1.00089 0 0 0 0 
0.09625 -0.459652 0.974364 0 0 0 0 
0.0965 -0.463948 0.965475 0 0 0 0 
0.09675 -0.450421 0.974223 0 0 0 0 
0.097 -0.41907 1.00061 0 0 0 0 
ZONE I=5
0.097 -0.41907 1.00061 0 0 0 0 
0.09725 -0.438402 0.974089 0 0 0 0 
0.0975 -0.440607 0.965207 0 0 0 0 
0.09775 -0.425686 0.973965 0 0 0 0 
0.098 -0.393638 1.00036 0 0 0 0 
ZONE I=5
0.098 -0.393638 1.00036 0 0 0 0 
0.09825 -0.408858 0.973849 0 0 0 0 
0.0985 -0.407877 0.964977 0 0 0 0 
0.09875 -0.390697 0.973745 0 0 0 0 
0.099 -0.357316 1.00015 0 0 0 0 
ZONE I=5
0.099 -0.357316 1.00015 0 0 0 0 
0.09925 -0.366213 0.973651 0 0 0 0 
0.0995 -0.360184 0.964791 0 0 0 0 
0.09975 -0.339229 0.973574 0 0 0 0 
0.1 -0.303348 1 0 0 0 0 
