ZONE I=5
0 -0.0831017 1 0 0 0 0 
0.00025 -0.0795729 1 0 0 0 0 
0.0005 -0.0759596 1 0 0 0 0 
0.00075 -0.0722617 1 0 0 0 0 
0.001 -0.0684792 1 0 0 0 0 
ZONE I=5
0.001 -0.0684792 1 0 0 0 0 
0.00125 -0.0646125 1 0 0 0 0 
0.0015 -0.0606633 1 0 0 0 0 
0.00175 -0.0566317 1 0 0 0 0 
0.002 -0.0525177 1 0 0 0 0 
ZONE I=5
0.002 -0.0525177 1 0 0 0 0 
0.00225 -0.0483231 1 0 0 0 0 
0.0025 -0.0440508 1 0 0 0 0 
0.00275 -0.0397006 1 0 0 0 0 
0.003 -0.0352728 1 0 0 0 0 
ZONE I=5
0.003 -0.0352728 1 0 0 0 0 
0.00325 -0.03077 1 0 0 0 0 
0.0035 -0.0261959 1 0 0 0 0 
0.00375 -0.0215506 1 0 0 0 0 
0.004 -0.0168338 1 0 0 0 0 
ZONE I=5
0.004 -0.0168338 1 0 0 0 0 
0.00425 -0.0120494 1 0 0 0 0 
0.0045 -0.00720118 1 0 0 0 0 
0.00475 -0.00228927 1 0 0 0 0 
0.005 0.00268634 1 0 0 0 0 
ZONE I=5
0.005 0.00268634 1 0 0 0 0 
0.00525 0.00772166 1 0 0 0 0 
0.0055 0.0128124 1 0 0 0 0 
0.00575 0.0179584 1 0 0 0 0 
0.006 0.0231599 1 0 0 0 0 
ZONE I=5
0.006 0.0231599 1 0 0 0 0 
0.00625 0.0284125 1 0 0 0 0 
0.0065 0.0337118 1 0 0 0 0 
0.00675 0.0390577 1 0 0 0 0 
0.007 0.0444504 1 0 0 0 0 
ZONE I=5
0.007 0.0444504 1 0 0 0 0 
0.00725 0.0498853 1 0 0 0 0 
0.0075 0.0553581 1 0 0 0 0 
0.00775 0.0608687 1 0 0 0 0 
0.008 0.0664173 1 0 0 0 0 
ZONE I=5
0.008 0.0664173 1 0 0 0 0 
0.00825 0.0719993 1 0 0 0 0 
0.0085 0.0776104 1 0 0 0 0 
0.00875 0.0832507 1 0 0 0 0 
0.009 0.0889201 1 0 0 0 0 
ZONE I=5
0.009 0.0889201 1 0 0 0 0 
0.00925 0.0946143 1 0 0 0 0 
0.0095 0.100329 1 0 0 0 0 
0.00975 0.106065 1 0 0 0 0 
0.01 0.111821 1 0 0 0 0 
ZONE I=5
0.01 0.111821 1 0 0 0 0 
0.01025 0.117593 1 0 0 0 0 
0.0105 0.123378 1 0 0 0 0 
0.01075 0.129176 1 0 0 0 0 
0.011 0.134986 1 0 0 0 0 
ZONE I=5
0.011 0.134986 1 0 0 0 0 
0.01125 0.140804 1 0 0 0 0 
0.0115 0.146627 1 0 0 0 0 
0.01175 0.152455 1 0 0 0 0 
0.012 0.158287 1 0 0 0 0 
ZONE I=5
0.012 0.158287 1 0 0 0 0 
0.01225 0.164121 1 0 0 0 0 
0.0125 0.169951 1 0 0 0 0 
0.01275 0.175779 1 0 0 0 0 
0.013 0.181605 1 0 0 0 0 
ZONE I=5
0.013 0.181605 1 0 0 0 0 
0.01325 0.187424 1 0 0 0 0 
0.0135 0.193233 1 0 0 0 0 
0.01375 0.199033 1 0 0 0 0 
0.014 0.204824 1 0 0 0 0 
ZONE I=5
0.014 0.204824 1 0 0 0 0 
0.01425 0.210601 1 0 0 0 0 
0.0145 0.216363 1 0 0 0 0 
0.01475 0.222108 1 0 0 0 0 
0.015 0.227838 1 0 0 0 0 
ZONE I=5
0.015 0.227838 1 0 0 0 0 
0.01525 0.233549 1 0 0 0 0 
0.0155 0.239237 1 0 0 0 0 
0.01575 0.244904 1 0 0 0 0 
0.016 0.250549 1 0 0 0 0 
ZONE I=5
0.016 0.250549 1 0 0 0 0 
0.01625 0.256169 1 0 0 0 0 
0.0165 0.261762 1 0 0 0 0 
0.01675 0.267327 1 0 0 0 0 
0.017 0.272865 1 0 0 0 0 
ZONE I=5
0.017 0.272865 1 0 0 0 0 
0.01725 0.278373 1 0 0 0 0 
0.0175 0.283849 1 0 0 0 0 
0.01775 0.289292 1 0 0 0 0 
0.018 0.294702 1 0 0 0 0 
ZONE I=5
0.018 0.294702 1 0 0 0 0 
0.01825 0.300078 1 0 0 0 0 
0.0185 0.305417 1 0 0 0 0 
0.01875 0.310719 1 0 0 0 0 
0.019 0.315984 1 0 0 0 0 
ZONE I=5
0.019 0.315984 1 0 0 0 0 
0.01925 0.321209 1 0 0 0 0 
0.0195 0.326393 1 0 0 0 0 
0.01975 0.331536 1 0 0 0 0 
0.02 0.336638 1 0 0 0 0 
ZONE I=5
0.02 0.336638 1 0 0 0 0 
0.02025 0.341696 1 0 0 0 0 
0.0205 0.346709 1 0 0 0 0 
0.02075 0.351677 1 0 0 0 0 
0.021 0.3566 1 0 0 0 0 
ZONE I=5
0.021 0.3566 1 0 0 0 0 
0.02125 0.361476 1 0 0 0 0 
0.0215 0.366303 1 0 0 0 0 
0.02175 0.371082 1 0 0 0 0 
0.022 0.375812 1 0 0 0 0 
ZONE I=5
0.022 0.375812 1 0 0 0 0 
0.02225 0.380492 1 0 0 0 0 
0.0225 0.38512 1 0 0 0 0 
0.02275 0.389697 1 0 0 0 0 
0.023 0.394221 1 0 0 0 0 
ZONE I=5
0.023 0.394221 1 0 0 0 0 
0.02325 0.398693 1 0 0 0 0 
0.0235 0.403109 1 0 0 0 0 
0.02375 0.407471 1 0 0 0 0 
0.024 0.411779 1 0 0 0 0 
ZONE I=5
0.024 0.411779 1 0 0 0 0 
0.02425 0.41603 1 0 0 0 0 
0.0245 0.420224 1 0 0 0 0 
0.02475 0.424361 1 0 0 0 0 
0.025 0.428441 1 0 0 0 0 
ZONE I=5
0.025 0.428441 1 0 0 0 0 
0.02525 0.432462 1 0 0 0 0 
0.0255 0.436424 1 0 0 0 0 
0.02575 0.440327 1 0 0 0 0 
0.026 0.444169 1 0 0 0 0 
ZONE I=5
0.026 0.444169 1 0 0 0 0 
0.02625 0.447952 1 0 0 0 0 
0.0265 0.451672 1 0 0 0 0 
0.02675 0.455332 1 0 0 0 0 
0.027 0.458929 1 0 0 0 0 
ZONE I=5
0.027 0.458929 1 0 0 0 0 
0.02725 0.462464 1 0 0 0 0 
0.0275 0.465936 1 0 0 0 0 
0.02775 0.469344 1 0 0 0 0 
0.028 0.472689 1 0 0 0 0 
ZONE I=5
0.028 0.472689 1 0 0 0 0 
0.02825 0.47597 1 0 0 0 0 
0.0285 0.479186 1 0 0 0 0 
0.02875 0.482337 1 0 0 0 0 
0.029 0.485423 1 0 0 0 0 
ZONE I=5
0.029 0.485423 1 0 0 0 0 
0.02925 0.488443 1 0 0 0 0 
0.0295 0.491397 1 0 0 0 0 
0.02975 0.494284 1 0 0 0 0 
0.03 0.497105 1 0 0 0 0 
ZONE I=5
0.03 0.497105 1 0 0 0 0 
0.03025 0.499859 1 0 0 0 0 
0.0305 0.502546 1 0 0 0 0 
0.03075 0.505165 1 0 0 0 0 
0.031 0.507716 1 0 0 0 0 
ZONE I=5
0.031 0.507716 1 0 0 0 0 
0.03125 0.510199 1 0 0 0 0 
0.0315 0.512614 1 0 0 0 0 
0.03175 0.51496 1 0 0 0 0 
0.032 0.517238 1 0 0 0 0 
ZONE I=5
0.032 0.517238 1 0 0 0 0 
0.03225 0.519446 1 0 0 0 0 
0.0325 0.521585 1 0 0 0 0 
0.03275 0.523655 1 0 0 0 0 
0.033 0.525655 1 0 0 0 0 
ZONE I=5
0.033 0.525655 1 0 0 0 0 
0.03325 0.527585 1 0 0 0 0 
0.0335 0.529446 1 0 0 0 0 
0.03375 0.531236 1 0 0 0 0 
0.034 0.532956 1 0 0 0 0 
ZONE I=5
0.034 0.532956 1 0 0 0 0 
0.03425 0.534606 1 0 0 0 0 
0.0345 0.536185 1 0 0 0 0 
0.03475 0.537694 1 0 0 0 0 
0.035 0.539132 1 0 0 0 0 
ZONE I=5
0.035 0.539132 1 0 0 0 0 
0.03525 0.540499 1 0 0 0 0 
0.0355 0.541795 1 0 0 0 0 
0.03575 0.543021 1 0 0 0 0 
0.036 0.544175 1 0 0 0 0 
ZONE I=5
0.036 0.544175 1 0 0 0 0 
0.03625 0.545258 1 0 0 0 0 
0.0365 0.54627 1 0 0 0 0 
0.03675 0.547211 1 0 0 0 0 
0.037 0.548081 1 0 0 0 0 
ZONE I=5
0.037 0.548081 1 0 0 0 0 
0.03725 0.54888 1 0 0 0 0 
0.0375 0.549607 1 0 0 0 0 
0.03775 0.550263 1 0 0 0 0 
0.038 0.550848 1 0 0 0 0 
ZONE I=5
0.038 0.550848 1 0 0 0 0 
0.03825 0.551362 1 0 0 0 0 
0.0385 0.551805 1 0 0 0 0 
0.03875 0.552176 1 0 0 0 0 
0.039 0.552477 1 0 0 0 0 
ZONE I=5
0.039 0.552477 1 0 0 0 0 
0.03925 0.552706 1 0 0 0 0 
0.0395 0.552865 1 0 0 0 0 
0.03975 0.552952 1 0 0 0 0 
0.04 0.552969 1 0 0 0 0 
ZONE I=5
0.04 0.552969 1 0 0 0 0 
0.04025 0.552915 1 0 0 0 0 
0.0405 0.55279 1 0 0 0 0 
0.04075 0.552595 1 0 0 0 0 
0.041 0.55233 1 0 0 0 0 
ZONE I=5
0.041 0.55233 1 0 0 0 0 
0.04125 0.551994 1 0 0 0 0 
0.0415 0.551588 1 0 0 0 0 
0.04175 0.551113 1 0 0 0 0 
0.042 0.550567 1 0 0 0 0 
ZONE I=5
0.042 0.550567 1 0 0 0 0 
0.04225 0.549952 1 0 0 0 0 
0.0425 0.549267 1 0 0 0 0 
0.04275 0.548513 1 0 0 0 0 
0.043 0.547689 1 0 0 0 0 
ZONE I=5
0.043 0.547689 1 0 0 0 0 
0.04325 0.546797 1 0 0 0 0 
0.0435 0.545836 1 0 0 0 0 
0.04375 0.544807 1 0 0 0 0 
0.044 0.543709 1 0 0 0 0 
ZONE I=5
0.044 0.543709 1 0 0 0 0 
0.04425 0.542543 1 0 0 0 0 
0.0445 0.541309 1 0 0 0 0 
0.04475 0.540008 1 0 0 0 0 
0.045 0.538639 1 0 0 0 0 
ZONE I=5
0.045 0.538639 1 0 0 0 0 
0.04525 0.537203 1 0 0 0 0 
0.0455 0.535701 1 0 0 0 0 
0.04575 0.534132 1 0 0 0 0 
0.046 0.532496 1 0 0 0 0 
ZONE I=5
0.046 0.532496 1 0 0 0 0 
0.04625 0.530795 1 0 0 0 0 
0.0465 0.529029 1 0 0 0 0 
0.04675 0.527197 1 0 0 0 0 
0.047 0.525299 1 0 0 0 0 
ZONE I=5
0.047 0.525299 1 0 0 0 0 
0.04725 0.523338 1 0 0 0 0 
0.0475 0.521312 1 0 0 0 0 
0.04775 0.519222 1 0 0 0 0 
0.048 0.517069 1 0 0 0 0 
ZONE I=5
0.048 0.517069 1 0 0 0 0 
0.04825 0.514852 1 0 0 0 0 
0.0485 0.512573 1 0 0 0 0 
0.04875 0.510231 1 0 0 0 0 
0.049 0.507827 1 0 0 0 0 
ZONE I=5
0.049 0.507827 1 0 0 0 0 
0.04925 0.505361 1 0 0 0 0 
0.0495 0.502835 1 0 0 0 0 
0.04975 0.500248 1 0 0 0 0 
0.05 0.4976 1 0 0 0 0 
ZONE I=5
0.05 0.4976 1 0 0 0 0 
0.05025 0.494892 1 0 0 0 0 
0.0505 0.492125 1 0 0 0 0 
0.05075 0.489299 1 0 0 0 0 
0.051 0.486415 1 0 0 0 0 
ZONE I=5
0.051 0.486415 1 0 0 0 0 
0.05125 0.483472 1 0 0 0 0 
0.0515 0.480472 1 0 0 0 0 
0.05175 0.477415 1 0 0 0 0 
0.052 0.474301 1 0 0 0 0 
ZONE I=5
0.052 0.474301 1 0 0 0 0 
0.05225 0.471131 1 0 0 0 0 
0.0525 0.467906 1 0 0 0 0 
0.05275 0.464626 1 0 0 0 0 
0.053 0.461292 1 0 0 0 0 
ZONE I=5
0.053 0.461292 1 0 0 0 0 
0.05325 0.457903 1 0 0 0 0 
0.0535 0.454462 1 0 0 0 0 
0.05375 0.450968 1 0 0 0 0 
0.054 0.447421 1 0 0 0 0 
ZONE I=5
0.054 0.447421 1 0 0 0 0 
0.05425 0.443823 1 0 0 0 0 
0.0545 0.440174 1 0 0 0 0 
0.05475 0.436475 1 0 0 0 0 
0.055 0.432726 1 0 0 0 0 
ZONE I=5
0.055 0.432726 1 0 0 0 0 
0.05525 0.428927 1 0 0 0 0 
0.0555 0.425081 1 0 0 0 0 
0.05575 0.421187 1 0 0 0 0 
0.056 0.417245 1 0 0 0 0 
ZONE I=5
0.056 0.417245 1 0 0 0 0 
0.05625 0.413257 1 0 0 0 0 
0.0565 0.409223 1 0 0 0 0 
0.05675 0.405144 1 0 0 0 0 
0.057 0.401021 1 0 0 0 0 
ZONE I=5
0.057 0.401021 1 0 0 0 0 
0.05725 0.396853 1 0 0 0 0 
0.0575 0.392643 1 0 0 0 0 
0.05775 0.388391 1 0 0 0 0 
0.058 0.384097 1 0 0 0 0 
ZONE I=5
0.058 0.384097 1 0 0 0 0 
0.05825 0.379762 1 0 0 0 0 
0.0585 0.375387 1 0 0 0 0 
0.05875 0.370973 1 0 0 0 0 
0.059 0.36652 1 0 0 0 0 
ZONE I=5
0.059 0.36652 1 0 0 0 0 
0.05925 0.362029 1 0 0 0 0 
0.0595 0.357501 1 0 0 0 0 
0.05975 0.352938 1 0 0 0 0 
0.06 0.348338 1 0 0 0 0 
ZONE I=5
0.06 0.348338 1 0 0 0 0 
0.06025 0.343704 1 0 0 0 0 
0.0605 0.339036 1 0 0 0 0 
0.06075 0.334336 1 0 0 0 0 
0.061 0.329603 1 0 0 0 0 
ZONE I=5
0.061 0.329603 1 0 0 0 0 
0.06125 0.324839 1 0 0 0 0 
0.0615 0.320045 1 0 0 0 0 
0.06175 0.315222 1 0 0 0 0 
0.062 0.310369 1 0 0 0 0 
ZONE I=5
0.062 0.310369 1 0 0 0 0 
0.06225 0.305488 1 0 0 0 0 
0.0625 0.300581 1 0 0 0 0 
0.06275 0.295649 1 0 0 0 0 
0.063 0.29069 1 0 0 0 0 
ZONE I=5
0.063 0.29069 1 0 0 0 0 
0.06325 0.285708 1 0 0 0 0 
0.0635 0.280703 1 0 0 0 0 
0.06375 0.275676 1 0 0 0 0 
0.064 0.270627 1 0 0 0 0 
ZONE I=5
0.064 0.270627 1 0 0 0 0 
0.06425 0.265557 1 0 0 0 0 
0.0645 0.260469 1 0 0 0 0 
0.06475 0.255363 1 0 0 0 0 
0.065 0.250238 1 0 0 0 0 
ZONE I=5
0.065 0.250238 1 0 0 0 0 
0.06525 0.245098 1 0 0 0 0 
0.0655 0.239942 1 0 0 0 0 
0.06575 0.234773 1 0 0 0 0 
0.066 0.229589 1 0 0 0 0 
ZONE I=5
0.066 0.229589 1 0 0 0 0 
0.06625 0.224393 1 0 0 0 0 
0.0665 0.219186 1 0 0 0 0 
0.06675 0.21397 1 0 0 0 0 
0.067 0.208743 1 0 0 0 0 
ZONE I=5
0.067 0.208743 1 0 0 0 0 
0.06725 0.203508 1 0 0 0 0 
0.0675 0.198268 1 0 0 0 0 
0.06775 0.193021 1 0 0 0 0 
0.068 0.187769 1 0 0 0 0 
ZONE I=5
0.068 0.187769 1 0 0 0 0 
0.06825 0.182513 1 0 0 0 0 
0.0685 0.177256 1 0 0 0 0 
0.06875 0.171997 1 0 0 0 0 
0.069 0.166737 1 0 0 0 0 
ZONE I=5
0.069 0.166737 1 0 0 0 0 
0.06925 0.161478 1 0 0 0 0 
0.0695 0.156222 1 0 0 0 0 
0.06975 0.150969 1 0 0 0 0 
0.07 0.145719 1 0 0 0 0 
ZONE I=5
0.07 0.145719 1 0 0 0 0 
0.07025 0.140475 1 0 0 0 0 
0.0705 0.135239 1 0 0 0 0 
0.07075 0.130011 1 0 0 0 0 
0.071 0.12479 1 0 0 0 0 
ZONE I=5
0.071 0.12479 1 0 0 0 0 
0.07125 0.11958 1 0 0 0 0 
0.0715 0.114383 1 0 0 0 0 
0.07175 0.109199 1 0 0 0 0 
0.072 0.104027 1 0 0 0 0 
ZONE I=5
0.072 0.104027 1 0 0 0 0 
0.07225 0.098871 1 0 0 0 0 
0.0725 0.0937325 1 0 0 0 0 
0.07275 0.0886118 1 0 0 0 0 
0.073 0.0835089 1 0 0 0 0 
ZONE I=5
0.073 0.0835089 1 0 0 0 0 
0.07325 0.0784263 1 0 0 0 0 
0.0735 0.0733666 1 0 0 0 0 
0.07375 0.0683299 1 0 0 0 0 
0.074 0.063316 1 0 0 0 0 
ZONE I=5
0.074 0.063316 1 0 0 0 0 
0.07425 0.0583277 1 0 0 0 0 
0.0745 0.0533675 1 0 0 0 0 
0.07475 0.0484355 1 0 0 0 0 
0.075 0.0435317 1 0 0 0 0 
ZONE I=5
0.075 0.0435317 1 0 0 0 0 
0.07525 0.0386587 1 0 0 0 0 
0.0755 0.0338191 1 0 0 0 0 
0.07575 0.0290131 1 0 0 0 0 
0.076 0.0242406 1 0 0 0 0 
ZONE I=5
0.076 0.0242406 1 0 0 0 0 
0.07625 0.0195043 1 0 0 0 0 
0.0765 0.0148069 1 0 0 0 0 
0.07675 0.0101485 1 0 0 0 0 
0.077 0.00552898 1 0 0 0 0 
ZONE I=5
0.077 0.00552898 1 0 0 0 0 
0.07725 0.000951201 1 0 0 0 0 
0.0775 -0.00358211 1 0 0 0 0 
0.07775 -0.00807093 1 0 0 0 0 
0.078 -0.0125153 1 0 0 0 0 
ZONE I=5
0.078 -0.0125153 1 0 0 0 0 
0.07825 -0.0169124 1 0 0 0 0 
0.0785 -0.0212594 1 0 0 0 0 
0.07875 -0.0255564 1 0 0 0 0 
0.079 -0.0298032 1 0 0 0 0 
ZONE I=5
0.079 -0.0298032 1 0 0 0 0 
0.07925 -0.0339972 1 0 0 0 0 
0.0795 -0.0381355 1 0 0 0 0 
0.07975 -0.0422181 1 0 0 0 0 
0.08 -0.046245 1 0 0 0 0 
ZONE I=5
0.08 -0.046245 1 0 0 0 0 
0.08025 -0.0502133 1 0 0 0 0 
0.0805 -0.0541202 1 0 0 0 0 
0.08075 -0.0579658 1 0 0 0 0 
0.081 -0.06175 1 0 0 0 0 
ZONE I=5
0.081 -0.06175 1 0 0 0 0 
0.08125 -0.06547 1 0 0 0 0 
0.0815 -0.0691229 1 0 0 0 0 
0.08175 -0.0727089 1 0 0 0 0 
0.082 -0.0762278 1 0 0 0 0 
ZONE I=5
0.082 -0.0762278 1 0 0 0 0 
0.08225 -0.0796768 1 0 0 0 0 
0.0825 -0.0830532 1 0 0 0 0 
0.08275 -0.086357 1 0 0 0 0 
0.083 -0.0895882 1 0 0 0 0 
ZONE I=5
0.083 -0.0895882 1 0 0 0 0 
0.08325 -0.0927439 1 0 0 0 0 
0.0835 -0.0958214 1 0 0 0 0 
0.08375 -0.0988209 1 0 0 0 0 
0.084 -0.101742 1 0 0 0 0 
ZONE I=5
0.084 -0.101742 1 0 0 0 0 
0.08425 -0.104582 1 0 0 0 0 
0.0845 -0.107339 1 0 0 0 0 
0.08475 -0.110013 1 0 0 0 0 
0.085 -0.112602 1 0 0 0 0 
ZONE I=5
0.085 -0.112602 1 0 0 0 0 
0.08525 -0.115106 1 0 0 0 0 
0.0855 -0.117521 1 0 0 0 0 
0.08575 -0.119847 1 0 0 0 0 
0.086 -0.122085 1 0 0 0 0 
ZONE I=5
0.086 -0.122085 1 0 0 0 0 
0.08625 -0.124231 1 0 0 0 0 
0.0865 -0.126284 1 0 0 0 0 
0.08675 -0.128243 1 0 0 0 0 
0.087 -0.130109 1 0 0 0 0 
ZONE I=5
0.087 -0.130109 1 0 0 0 0 
0.08725 -0.131878 1 0 0 0 0 
0.0875 -0.13355 1 0 0 0 0 
0.08775 -0.135124 1 0 0 0 0 
0.088 -0.136599 1 0 0 0 0 
ZONE I=5
0.088 -0.136599 1 0 0 0 0 
0.08825 -0.137974 1 0 0 0 0 
0.0885 -0.139247 1 0 0 0 0 
0.08875 -0.140419 1 0 0 0 0 
0.089 -0.141488 1 0 0 0 0 
ZONE I=5
0.089 -0.141488 1 0 0 0 0 
0.08925 -0.142453 1 0 0 0 0 
0.0895 -0.143312 1 0 0 0 0 
0.08975 -0.144066 1 0 0 0 0 
0.09 -0.144715 1 0 0 0 0 
ZONE I=5
0.09 -0.144715 1 0 0 0 0 
0.09025 -0.145256 1 0 0 0 0 
0.0905 -0.145689 1 0 0 0 0 
0.09075 -0.146015 1 0 0 0 0 
0.091 -0.146232 1 0 0 0 0 
ZONE I=5
0.091 -0.146232 1 0 0 0 0 
0.09125 -0.146339 1 0 0 0 0 
0.0915 -0.146337 1 0 0 0 0 
0.09175 -0.146225 1 0 0 0 0 
0.092 -0.146003 1 0 0 0 0 
ZONE I=5
0.092 -0.146003 1 0 0 0 0 
0.09225 -0.14567 1 0 0 0 0 
0.0925 -0.145227 1 0 0 0 0 
0.09275 -0.144673 1 0 0 0 0 
0.093 -0.144008 1 0 0 0 0 
ZONE I=5
0.093 -0.144008 1 0 0 0 0 
0.09325 -0.143233 1 0 0 0 0 
0.0935 -0.142348 1 0 0 0 0 
0.09375 -0.141352 1 0 0 0 0 
0.094 -0.140247 1 0 0 0 0 
ZONE I=5
0.094 -0.140247 1 0 0 0 0 
0.09425 -0.139032 1 0 0 0 0 
0.0945 -0.137708 1 0 0 0 0 
0.09475 -0.136277 1 0 0 0 0 
0.095 -0.134737 1 0 0 0 0 
ZONE I=5
0.095 -0.134737 1 0 0 0 0 
0.09525 -0.133091 1 0 0 0 0 
0.0955 -0.13134 1 0 0 0 0 
0.09575 -0.129483 1 0 0 0 0 
0.096 -0.127522 1 0 0 0 0 
ZONE I=5
0.096 -0.127522 1 0 0 0 0 
0.09625 -0.125458 1 0 0 0 0 
0.0965 -0.123294 1 0 0 0 0 
0.09675 -0.12103 1 0 0 0 0 
0.097 -0.118665 1 0 0 0 0 
ZONE I=5
0.097 -0.118665 1 0 0 0 0 
0.09725 -0.116203 1 0 0 0 0 
0.0975 -0.113647 1 0 0 0 0 
0.09775 -0.110996 1 0 0 0 0 
0.098 -0.10825 1 0 0 0 0 
ZONE I=5
0.098 -0.10825 1 0 0 0 0 
0.09825 -0.105413 1 0 0 0 0 
0.0985 -0.102487 1 0 0 0 0 
0.09875 -0.0994728 1 0 0 0 0 
0.099 -0.0963693 1 0 0 0 0 
ZONE I=5
0.099 -0.0963693 1 0 0 0 0 
0.09925 -0.0931798 1 0 0 0 0 
0.0995 -0.0899054 1 0 0 0 0 
0.09975 -0.086546 1 0 0 0 0 
0.1 -0.0831017 1 0 0 0 0 
