ZONE I=5
0 0.127142 1 0 0 0 0 
0.00025 0.204589 0.8495 0 0 0 0 
0.0005 0.241935 0.774203 0 0 0 0 
0.00075 0.23918 0.774107 0 0 0 0 
0.001 0.196323 0.849214 0 0 0 0 
ZONE I=5
0.001 0.196323 0.849214 0 0 0 0 
0.00125 0.222557 0.811315 0 0 0 0 
0.0015 0.233098 0.796293 0 0 0 0 
0.00175 0.227947 0.804148 0 0 0 0 
0.002 0.207104 0.834879 0 0 0 0 
ZONE I=5
0.002 0.207104 0.834879 0 0 0 0 
0.00225 0.223837 0.811551 0 0 0 0 
0.0025 0.229436 0.804267 0 0 0 0 
0.00275 0.223902 0.813027 0 0 0 0 
0.003 0.207236 0.83783 0 0 0 0 
ZONE I=5
0.003 0.207236 0.83783 0 0 0 0 
0.00325 0.222363 0.816541 0 0 0 0 
0.0035 0.227202 0.810344 0 0 0 0 
0.00375 0.221755 0.81924 0 0 0 0 
0.004 0.206021 0.843229 0 0 0 0 
ZONE I=5
0.004 0.206021 0.843229 0 0 0 0 
0.00425 0.220708 0.822226 0 0 0 0 
0.0045 0.225397 0.816196 0 0 0 0 
0.00475 0.220088 0.825139 0 0 0 0 
0.005 0.204783 0.849054 0 0 0 0 
ZONE I=5
0.005 0.204783 0.849054 0 0 0 0 
0.00525 0.219187 0.828114 0 0 0 0 
0.0055 0.223808 0.822127 0 0 0 0 
0.00575 0.218645 0.831093 0 0 0 0 
0.006 0.203698 0.855012 0 0 0 0 
ZONE I=5
0.006 0.203698 0.855012 0 0 0 0 
0.00625 0.217813 0.834171 0 0 0 0 
0.0065 0.222397 0.828178 0 0 0 0 
0.00675 0.217452 0.837031 0 0 0 0 
0.007 0.202976 0.860732 0 0 0 0 
ZONE I=5
0.007 0.202976 0.860732 0 0 0 0 
0.00725 0.216821 0.840004 0 0 0 0 
0.0075 0.221335 0.83407 0 0 0 0 
0.00775 0.216517 0.842932 0 0 0 0 
0.008 0.202369 0.866589 0 0 0 0 
ZONE I=5
0.008 0.202369 0.866589 0 0 0 0 
0.00825 0.215987 0.845923 0 0 0 0 
0.0085 0.220459 0.840005 0 0 0 0 
0.00875 0.215784 0.848835 0 0 0 0 
0.009 0.201962 0.872413 0 0 0 0 
ZONE I=5
0.009 0.201962 0.872413 0 0 0 0 
0.00925 0.215364 0.851818 0 0 0 0 
0.0095 0.219795 0.845917 0 0 0 0 
0.00975 0.215254 0.85471 0 0 0 0 
0.01 0.201741 0.878196 0 0 0 0 
ZONE I=5
0.01 0.201741 0.878196 0 0 0 0 
0.01025 0.214942 0.857673 0 0 0 0 
0.0105 0.219334 0.851786 0 0 0 0 
0.01075 0.214919 0.860537 0 0 0 0 
0.011 0.201696 0.883925 0 0 0 0 
ZONE I=5
0.011 0.201696 0.883925 0 0 0 0 
0.01125 0.214709 0.863471 0 0 0 0 
0.0115 0.219066 0.857596 0 0 0 0 
0.01175 0.214768 0.866301 0 0 0 0 
0.012 0.201814 0.889584 0 0 0 0 
ZONE I=5
0.012 0.201814 0.889584 0 0 0 0 
0.01225 0.214655 0.869197 0 0 0 0 
0.0125 0.21898 0.863331 0 0 0 0 
0.01275 0.214791 0.871985 0 0 0 0 
0.013 0.202086 0.89516 0 0 0 0 
ZONE I=5
0.013 0.202086 0.89516 0 0 0 0 
0.01325 0.214767 0.874837 0 0 0 0 
0.0135 0.219063 0.868977 0 0 0 0 
0.01375 0.214974 0.877578 0 0 0 0 
0.014 0.2025 0.900641 0 0 0 0 
ZONE I=5
0.014 0.2025 0.900641 0 0 0 0 
0.01425 0.215035 0.880378 0 0 0 0 
0.0145 0.219304 0.874519 0 0 0 0 
0.01475 0.215307 0.883064 0 0 0 0 
0.015 0.203045 0.906013 0 0 0 0 
ZONE I=5
0.015 0.203045 0.906013 0 0 0 0 
0.01525 0.215445 0.885805 0 0 0 0 
0.0155 0.219689 0.879944 0 0 0 0 
0.01575 0.215778 0.888431 0 0 0 0 
0.016 0.20371 0.911264 0 0 0 0 
ZONE I=5
0.016 0.20371 0.911264 0 0 0 0 
0.01625 0.215987 0.891107 0 0 0 0 
0.0165 0.220208 0.885241 0 0 0 0 
0.01675 0.216373 0.893667 0 0 0 0 
0.017 0.204482 0.916384 0 0 0 0 
ZONE I=5
0.017 0.204482 0.916384 0 0 0 0 
0.01725 0.216646 0.896272 0 0 0 0 
0.0175 0.220846 0.890397 0 0 0 0 
0.01775 0.217081 0.898761 0 0 0 0 
0.018 0.20535 0.921361 0 0 0 0 
ZONE I=5
0.018 0.20535 0.921361 0 0 0 0 
0.01825 0.217413 0.901289 0 0 0 0 
0.0185 0.221592 0.895402 0 0 0 0 
0.01875 0.217889 0.903701 0 0 0 0 
0.019 0.206304 0.926186 0 0 0 0 
ZONE I=5
0.019 0.206304 0.926186 0 0 0 0 
0.01925 0.218273 0.906148 0 0 0 0 
0.0195 0.222434 0.900245 0 0 0 0 
0.01975 0.218787 0.908478 0 0 0 0 
0.02 0.207332 0.930848 0 0 0 0 
ZONE I=5
0.02 0.207332 0.930848 0 0 0 0 
0.02025 0.219217 0.910838 0 0 0 0 
0.0205 0.22336 0.904916 0 0 0 0 
0.02075 0.219762 0.913083 0 0 0 0 
0.021 0.208422 0.935338 0 0 0 0 
ZONE I=5
0.021 0.208422 0.935338 0 0 0 0 
0.02125 0.220231 0.91535 0 0 0 0 
0.0215 0.224358 0.909406 0 0 0 0 
0.02175 0.220803 0.917505 0 0 0 0 
0.022 0.209565 0.939647 0 0 0 0 
ZONE I=5
0.022 0.209565 0.939647 0 0 0 0 
0.02225 0.221306 0.919677 0 0 0 0 
0.0225 0.225417 0.913707 0 0 0 0 
0.02275 0.221898 0.921737 0 0 0 0 
0.023 0.21075 0.943769 0 0 0 0 
ZONE I=5
0.023 0.21075 0.943769 0 0 0 0 
0.02325 0.222429 0.923809 0 0 0 0 
0.0235 0.226525 0.917809 0 0 0 0 
0.02375 0.223038 0.925771 0 0 0 0 
0.024 0.211966 0.947694 0 0 0 0 
ZONE I=5
0.024 0.211966 0.947694 0 0 0 0 
0.02425 0.223591 0.927738 0 0 0 0 
0.0245 0.227673 0.921707 0 0 0 0 
0.02475 0.22421 0.929599 0 0 0 0 
0.025 0.213204 0.951416 0 0 0 0 
ZONE I=5
0.025 0.213204 0.951416 0 0 0 0 
0.02525 0.224781 0.931459 0 0 0 0 
0.0255 0.228849 0.925392 0 0 0 0 
0.02575 0.225407 0.933215 0 0 0 0 
0.026 0.214455 0.954928 0 0 0 0 
ZONE I=5
0.026 0.214455 0.954928 0 0 0 0 
0.02625 0.22599 0.934964 0 0 0 0 
0.0265 0.230044 0.928859 0 0 0 0 
0.02675 0.226617 0.936612 0 0 0 0 
0.027 0.215709 0.958224 0 0 0 0 
ZONE I=5
0.027 0.215709 0.958224 0 0 0 0 
0.02725 0.227207 0.938247 0 0 0 0 
0.0275 0.231248 0.932101 0 0 0 0 
0.02775 0.227831 0.939785 0 0 0 0 
0.028 0.216957 0.961299 0 0 0 0 
ZONE I=5
0.028 0.216957 0.961299 0 0 0 0 
0.02825 0.228424 0.941303 0 0 0 0 
0.0285 0.232451 0.935112 0 0 0 0 
0.02875 0.229041 0.942727 0 0 0 0 
0.029 0.218191 0.964148 0 0 0 0 
ZONE I=5
0.029 0.218191 0.964148 0 0 0 0 
0.02925 0.229631 0.944127 0 0 0 0 
0.0295 0.233647 0.937889 0 0 0 0 
0.02975 0.230237 0.945435 0 0 0 0 
0.03 0.219403 0.966765 0 0 0 0 
ZONE I=5
0.03 0.219403 0.966765 0 0 0 0 
0.03025 0.230822 0.946714 0 0 0 0 
0.0305 0.234825 0.940427 0 0 0 0 
0.03075 0.231413 0.947905 0 0 0 0 
0.031 0.220585 0.969148 0 0 0 0 
ZONE I=5
0.031 0.220585 0.969148 0 0 0 0 
0.03125 0.231988 0.94906 0 0 0 0 
0.0315 0.235979 0.942721 0 0 0 0 
0.03175 0.23256 0.950132 0 0 0 0 
0.032 0.221731 0.971292 0 0 0 0 
ZONE I=5
0.032 0.221731 0.971292 0 0 0 0 
0.03225 0.233121 0.951162 0 0 0 0 
0.0325 0.237101 0.944769 0 0 0 0 
0.03275 0.233672 0.952113 0 0 0 0 
0.033 0.222833 0.973194 0 0 0 0 
ZONE I=5
0.033 0.222833 0.973194 0 0 0 0 
0.03325 0.234215 0.953017 0 0 0 0 
0.0335 0.238184 0.946568 0 0 0 0 
0.03375 0.234741 0.953846 0 0 0 0 
0.034 0.223886 0.974852 0 0 0 0 
ZONE I=5
0.034 0.223886 0.974852 0 0 0 0 
0.03425 0.235263 0.954622 0 0 0 0 
0.0345 0.239222 0.948114 0 0 0 0 
0.03475 0.235762 0.955328 0 0 0 0 
0.035 0.224882 0.976264 0 0 0 0 
ZONE I=5
0.035 0.224882 0.976264 0 0 0 0 
0.03525 0.236261 0.955976 0 0 0 0 
0.0355 0.240209 0.949408 0 0 0 0 
0.03575 0.236729 0.956558 0 0 0 0 
0.036 0.225818 0.977428 0 0 0 0 
ZONE I=5
0.036 0.225818 0.977428 0 0 0 0 
0.03625 0.237201 0.957077 0 0 0 0 
0.0365 0.24114 0.950446 0 0 0 0 
0.03675 0.237636 0.957534 0 0 0 0 
0.037 0.226688 0.978343 0 0 0 0 
ZONE I=5
0.037 0.226688 0.978343 0 0 0 0 
0.03725 0.23808 0.957924 0 0 0 0 
0.0375 0.242011 0.951228 0 0 0 0 
0.03775 0.23848 0.958257 0 0 0 0 
0.038 0.227488 0.979009 0 0 0 0 
ZONE I=5
0.038 0.227488 0.979009 0 0 0 0 
0.03825 0.238893 0.958516 0 0 0 0 
0.0385 0.242816 0.951755 0 0 0 0 
0.03875 0.239256 0.958724 0 0 0 0 
0.039 0.228215 0.979425 0 0 0 0 
ZONE I=5
0.039 0.228215 0.979425 0 0 0 0 
0.03925 0.239636 0.958854 0 0 0 0 
0.0395 0.243552 0.952025 0 0 0 0 
0.03975 0.239961 0.958938 0 0 0 0 
0.04 0.228863 0.979593 0 0 0 0 
ZONE I=5
0.04 0.228863 0.979593 0 0 0 0 
0.04025 0.240306 0.958939 0 0 0 0 
0.0405 0.244215 0.952041 0 0 0 0 
0.04075 0.240591 0.958899 0 0 0 0 
0.041 0.229432 0.979513 0 0 0 0 
ZONE I=5
0.041 0.229432 0.979513 0 0 0 0 
0.04125 0.240901 0.958771 0 0 0 0 
0.0415 0.244805 0.951802 0 0 0 0 
0.04175 0.241144 0.958607 0 0 0 0 
0.042 0.229919 0.979186 0 0 0 0 
ZONE I=5
0.042 0.229919 0.979186 0 0 0 0 
0.04225 0.241417 0.958351 0 0 0 0 
0.0425 0.245317 0.951311 0 0 0 0 
0.04275 0.241618 0.958066 0 0 0 0 
0.043 0.230321 0.978615 0 0 0 0 
ZONE I=5
0.043 0.230321 0.978615 0 0 0 0 
0.04325 0.241854 0.957683 0 0 0 0 
0.0435 0.245751 0.95057 0 0 0 0 
0.04375 0.242012 0.957277 0 0 0 0 
0.044 0.230637 0.977802 0 0 0 0 
ZONE I=5
0.044 0.230637 0.977802 0 0 0 0 
0.04425 0.242209 0.956768 0 0 0 0 
0.0445 0.246105 0.949582 0 0 0 0 
0.04475 0.242324 0.956243 0 0 0 0 
0.045 0.230868 0.97675 0 0 0 0 
ZONE I=5
0.045 0.230868 0.97675 0 0 0 0 
0.04525 0.242483 0.955611 0 0 0 0 
0.0455 0.246379 0.948349 0 0 0 0 
0.04575 0.242555 0.954967 0 0 0 0 
0.046 0.231011 0.975464 0 0 0 0 
ZONE I=5
0.046 0.231011 0.975464 0 0 0 0 
0.04625 0.242676 0.954213 0 0 0 0 
0.0465 0.246574 0.946877 0 0 0 0 
0.04675 0.242705 0.953454 0 0 0 0 
0.047 0.231069 0.973945 0 0 0 0 
ZONE I=5
0.047 0.231069 0.973945 0 0 0 0 
0.04725 0.242787 0.95258 0 0 0 0 
0.0475 0.246689 0.945167 0 0 0 0 
0.04775 0.242773 0.951708 0 0 0 0 
0.048 0.231041 0.972201 0 0 0 0 
ZONE I=5
0.048 0.231041 0.972201 0 0 0 0 
0.04825 0.242818 0.950716 0 0 0 0 
0.0485 0.246725 0.943227 0 0 0 0 
0.04875 0.242762 0.949733 0 0 0 0 
0.049 0.230928 0.970234 0 0 0 0 
ZONE I=5
0.049 0.230928 0.970234 0 0 0 0 
0.04925 0.24277 0.948626 0 0 0 0 
0.0495 0.246685 0.94106 0 0 0 0 
0.04975 0.242673 0.947535 0 0 0 0 
0.05 0.230733 0.968052 0 0 0 0 
ZONE I=5
0.05 0.230733 0.968052 0 0 0 0 
0.05025 0.242645 0.946317 0 0 0 0 
0.0505 0.24657 0.938673 0 0 0 0 
0.05075 0.242507 0.945121 0 0 0 0 
0.051 0.230457 0.965659 0 0 0 0 
ZONE I=5
0.051 0.230457 0.965659 0 0 0 0 
0.05125 0.242445 0.943793 0 0 0 0 
0.0515 0.246382 0.936072 0 0 0 0 
0.05175 0.242269 0.942495 0 0 0 0 
0.052 0.230104 0.963063 0 0 0 0 
ZONE I=5
0.052 0.230104 0.963063 0 0 0 0 
0.05225 0.242174 0.941062 0 0 0 0 
0.0525 0.246126 0.933263 0 0 0 0 
0.05275 0.24196 0.939666 0 0 0 0 
0.053 0.229676 0.960271 0 0 0 0 
ZONE I=5
0.053 0.229676 0.960271 0 0 0 0 
0.05325 0.241834 0.938131 0 0 0 0 
0.0535 0.245803 0.930255 0 0 0 0 
0.05375 0.241584 0.936641 0 0 0 0 
0.054 0.229176 0.95729 0 0 0 0 
ZONE I=5
0.054 0.229176 0.95729 0 0 0 0 
0.05425 0.241429 0.935008 0 0 0 0 
0.0545 0.245419 0.927054 0 0 0 0 
0.05475 0.241146 0.933427 0 0 0 0 
0.055 0.228609 0.954128 0 0 0 0 
ZONE I=5
0.055 0.228609 0.954128 0 0 0 0 
0.05525 0.240964 0.9317 0 0 0 0 
0.0555 0.244977 0.923669 0 0 0 0 
0.05575 0.240649 0.930033 0 0 0 0 
0.056 0.227979 0.950794 0 0 0 0 
ZONE I=5
0.056 0.227979 0.950794 0 0 0 0 
0.05625 0.240442 0.928217 0 0 0 0 
0.0565 0.244482 0.920109 0 0 0 0 
0.05675 0.240098 0.926469 0 0 0 0 
0.057 0.227291 0.947297 0 0 0 0 
ZONE I=5
0.057 0.227291 0.947297 0 0 0 0 
0.05725 0.239869 0.924568 0 0 0 0 
0.0575 0.243938 0.916383 0 0 0 0 
0.05775 0.239498 0.922742 0 0 0 0 
0.058 0.226548 0.943646 0 0 0 0 
ZONE I=5
0.058 0.226548 0.943646 0 0 0 0 
0.05825 0.23925 0.920761 0 0 0 0 
0.0585 0.243352 0.912501 0 0 0 0 
0.05875 0.238855 0.918864 0 0 0 0 
0.059 0.225758 0.939852 0 0 0 0 
ZONE I=5
0.059 0.225758 0.939852 0 0 0 0 
0.05925 0.23859 0.916808 0 0 0 0 
0.0595 0.242729 0.908473 0 0 0 0 
0.05975 0.238174 0.914845 0 0 0 0 
0.06 0.224925 0.935924 0 0 0 0 
ZONE I=5
0.06 0.224925 0.935924 0 0 0 0 
0.06025 0.237895 0.91272 0 0 0 0 
0.0605 0.242074 0.90431 0 0 0 0 
0.06075 0.23746 0.910695 0 0 0 0 
0.061 0.224055 0.931874 0 0 0 0 
ZONE I=5
0.061 0.224055 0.931874 0 0 0 0 
0.06125 0.237172 0.908506 0 0 0 0 
0.0615 0.241394 0.900023 0 0 0 0 
0.06175 0.236721 0.906426 0 0 0 0 
0.062 0.223154 0.927713 0 0 0 0 
ZONE I=5
0.062 0.223154 0.927713 0 0 0 0 
0.06225 0.236425 0.904179 0 0 0 0 
0.0625 0.240694 0.895625 0 0 0 0 
0.06275 0.235962 0.902049 0 0 0 0 
0.063 0.222228 0.923453 0 0 0 0 
ZONE I=5
0.063 0.222228 0.923453 0 0 0 0 
0.06325 0.235661 0.899752 0 0 0 0 
0.0635 0.239982 0.891127 0 0 0 0 
0.06375 0.23519 0.897577 0 0 0 0 
0.064 0.221285 0.919104 0 0 0 0 
ZONE I=5
0.064 0.221285 0.919104 0 0 0 0 
0.06425 0.234889 0.895233 0 0 0 0 
0.0645 0.239264 0.88654 0 0 0 0 
0.06475 0.234411 0.893023 0 0 0 0 
0.065 0.220328 0.914682 0 0 0 0 
ZONE I=5
0.065 0.220328 0.914682 0 0 0 0 
0.06525 0.234112 0.890641 0 0 0 0 
0.0655 0.238546 0.88188 0 0 0 0 
0.06575 0.233631 0.8884 0 0 0 0 
0.066 0.219366 0.910199 0 0 0 0 
ZONE I=5
0.066 0.219366 0.910199 0 0 0 0 
0.06625 0.233337 0.885987 0 0 0 0 
0.0665 0.237834 0.877161 0 0 0 0 
0.06675 0.232856 0.883722 0 0 0 0 
0.067 0.218404 0.905669 0 0 0 0 
ZONE I=5
0.067 0.218404 0.905669 0 0 0 0 
0.06725 0.232571 0.881284 0 0 0 0 
0.0675 0.237135 0.872395 0 0 0 0 
0.06775 0.232094 0.879002 0 0 0 0 
0.068 0.217449 0.901106 0 0 0 0 
ZONE I=5
0.068 0.217449 0.901106 0 0 0 0 
0.06825 0.231821 0.876548 0 0 0 0 
0.0685 0.236454 0.867598 0 0 0 0 
0.06875 0.231349 0.874257 0 0 0 0 
0.069 0.216507 0.896523 0 0 0 0 
ZONE I=5
0.069 0.216507 0.896523 0 0 0 0 
0.06925 0.231091 0.871793 0 0 0 0 
0.0695 0.235798 0.862785 0 0 0 0 
0.06975 0.230628 0.869501 0 0 0 0 
0.07 0.215581 0.891941 0 0 0 0 
ZONE I=5
0.07 0.215581 0.891941 0 0 0 0 
0.07025 0.230391 0.867029 0 0 0 0 
0.0705 0.235173 0.857969 0 0 0 0 
0.07075 0.229929 0.864761 0 0 0 0 
0.071 0.214659 0.887405 0 0 0 0 
ZONE I=5
0.071 0.214659 0.887405 0 0 0 0 
0.07125 0.229745 0.862237 0 0 0 0 
0.0715 0.234594 0.853147 0 0 0 0 
0.07175 0.229207 0.860134 0 0 0 0 
0.072 0.213584 0.883197 0 0 0 0 
ZONE I=5
0.072 0.213584 0.883197 0 0 0 0 
0.07225 0.228957 0.857765 0 0 0 0 
0.0725 0.233985 0.848464 0 0 0 0 
0.07275 0.22867 0.855293 0 0 0 0 
0.073 0.213012 0.878252 0 0 0 0 
ZONE I=5
0.073 0.213012 0.878252 0 0 0 0 
0.07325 0.228503 0.852873 0 0 0 0 
0.0735 0.233533 0.843675 0 0 0 0 
0.07375 0.2281 0.850658 0 0 0 0 
0.074 0.212206 0.873823 0 0 0 0 
ZONE I=5
0.074 0.212206 0.873823 0 0 0 0 
0.07425 0.227952 0.848267 0 0 0 0 
0.0745 0.233076 0.839019 0 0 0 0 
0.07475 0.227578 0.846078 0 0 0 0 
0.075 0.211457 0.869445 0 0 0 0 
ZONE I=5
0.075 0.211457 0.869445 0 0 0 0 
0.07525 0.227454 0.843732 0 0 0 0 
0.0755 0.23267 0.834446 0 0 0 0 
0.07575 0.227105 0.841586 0 0 0 0 
0.076 0.210758 0.865155 0 0 0 0 
ZONE I=5
0.076 0.210758 0.865155 0 0 0 0 
0.07625 0.227008 0.839291 0 0 0 0 
0.0765 0.232317 0.829973 0 0 0 0 
0.07675 0.226684 0.8372 0 0 0 0 
0.077 0.21011 0.860971 0 0 0 0 
ZONE I=5
0.077 0.21011 0.860971 0 0 0 0 
0.07725 0.226603 0.834983 0 0 0 0 
0.0775 0.232007 0.825636 0 0 0 0 
0.07775 0.226321 0.83293 0 0 0 0 
0.078 0.209545 0.856864 0 0 0 0 
ZONE I=5
0.078 0.209545 0.856864 0 0 0 0 
0.07825 0.226296 0.830741 0 0 0 0 
0.0785 0.231788 0.821383 0 0 0 0 
0.07875 0.226021 0.82879 0 0 0 0 
0.079 0.208995 0.852962 0 0 0 0 
ZONE I=5
0.079 0.208995 0.852962 0 0 0 0 
0.07925 0.22601 0.826698 0 0 0 0 
0.0795 0.231601 0.817316 0 0 0 0 
0.07975 0.22577 0.824814 0 0 0 0 
0.08 0.208516 0.849194 0 0 0 0 
ZONE I=5
0.08 0.208516 0.849194 0 0 0 0 
0.08025 0.225784 0.822812 0 0 0 0 
0.0805 0.23147 0.813418 0 0 0 0 
0.08075 0.225574 0.821013 0 0 0 0 
0.081 0.208097 0.845595 0 0 0 0 
ZONE I=5
0.081 0.208097 0.845595 0 0 0 0 
0.08125 0.225612 0.819107 0 0 0 0 
0.0815 0.23139 0.80971 0 0 0 0 
0.08175 0.225431 0.817402 0 0 0 0 
0.082 0.207735 0.842184 0 0 0 0 
ZONE I=5
0.082 0.207735 0.842184 0 0 0 0 
0.08225 0.225491 0.815603 0 0 0 0 
0.0825 0.231359 0.806209 0 0 0 0 
0.08275 0.225339 0.814 0 0 0 0 
0.083 0.207431 0.838977 0 0 0 0 
ZONE I=5
0.083 0.207431 0.838977 0 0 0 0 
0.08325 0.225417 0.812317 0 0 0 0 
0.0835 0.231371 0.802933 0 0 0 0 
0.08375 0.225293 0.810824 0 0 0 0 
0.084 0.207182 0.835992 0 0 0 0 
ZONE I=5
0.084 0.207182 0.835992 0 0 0 0 
0.08425 0.225387 0.809267 0 0 0 0 
0.0845 0.231422 0.799901 0 0 0 0 
0.08475 0.225289 0.807892 0 0 0 0 
0.085 0.206986 0.833241 0 0 0 0 
ZONE I=5
0.085 0.206986 0.833241 0 0 0 0 
0.08525 0.225392 0.806473 0 0 0 0 
0.0855 0.231504 0.797132 0 0 0 0 
0.08575 0.225323 0.805217 0 0 0 0 
0.086 0.206848 0.830728 0 0 0 0 
ZONE I=5
0.086 0.206848 0.830728 0 0 0 0 
0.08625 0.225379 0.804012 0 0 0 0 
0.0865 0.23154 0.794733 0 0 0 0 
0.08675 0.225331 0.802891 0 0 0 0 
0.087 0.206752 0.828487 0 0 0 0 
ZONE I=5
0.087 0.206752 0.828487 0 0 0 0 
0.08725 0.225504 0.801688 0 0 0 0 
0.0875 0.231742 0.792434 0 0 0 0 
0.08775 0.225465 0.800726 0 0 0 0 
0.088 0.206673 0.826563 0 0 0 0 
ZONE I=5
0.088 0.206673 0.826563 0 0 0 0 
0.08825 0.225581 0.799753 0 0 0 0 
0.0885 0.231878 0.790542 0 0 0 0 
0.08875 0.225565 0.798929 0 0 0 0 
0.089 0.206643 0.824915 0 0 0 0 
ZONE I=5
0.089 0.206643 0.824915 0 0 0 0 
0.08925 0.225671 0.798128 0 0 0 0 
0.0895 0.232014 0.788976 0 0 0 0 
0.08975 0.225671 0.797457 0 0 0 0 
0.09 0.206643 0.823573 0 0 0 0 
ZONE I=5
0.09 0.206643 0.823573 0 0 0 0 
0.09025 0.225764 0.796833 0 0 0 0 
0.0905 0.232141 0.787749 0 0 0 0 
0.09075 0.225776 0.796322 0 0 0 0 
0.091 0.206667 0.822553 0 0 0 0 
ZONE I=5
0.091 0.206667 0.822553 0 0 0 0 
0.09125 0.22585 0.79588 0 0 0 0 
0.0915 0.232251 0.786874 0 0 0 0 
0.09175 0.22587 0.795536 0 0 0 0 
0.092 0.206708 0.821866 0 0 0 0 
ZONE I=5
0.092 0.206708 0.821866 0 0 0 0 
0.09225 0.22592 0.795282 0 0 0 0 
0.0925 0.232333 0.786364 0 0 0 0 
0.09275 0.225946 0.795111 0 0 0 0 
0.093 0.20676 0.821523 0 0 0 0 
ZONE I=5
0.093 0.20676 0.821523 0 0 0 0 
0.09325 0.225968 0.795051 0 0 0 0 
0.0935 0.23238 0.786229 0 0 0 0 
0.09375 0.225996 0.795057 0 0 0 0 
0.094 0.206815 0.821535 0 0 0 0 
ZONE I=5
0.094 0.206815 0.821535 0 0 0 0 
0.09425 0.225986 0.795195 0 0 0 0 
0.0945 0.232385 0.786478 0 0 0 0 
0.09475 0.226011 0.795385 0 0 0 0 
0.095 0.206865 0.821915 0 0 0 0 
ZONE I=5
0.095 0.206865 0.821915 0 0 0 0 
0.09525 0.225971 0.795716 0 0 0 0 
0.0955 0.232342 0.787116 0 0 0 0 
0.09575 0.225977 0.796114 0 0 0 0 
0.096 0.206878 0.82271 0 0 0 0 
ZONE I=5
0.096 0.206878 0.82271 0 0 0 0 
0.09625 0.225945 0.796577 0 0 0 0 
0.0965 0.232265 0.788116 0 0 0 0 
0.09675 0.225836 0.797326 0 0 0 0 
0.097 0.206659 0.824208 0 0 0 0 
ZONE I=5
0.097 0.206659 0.824208 0 0 0 0 
0.09725 0.226122 0.797436 0 0 0 0 
0.0975 0.232295 0.789242 0 0 0 0 
0.09775 0.225179 0.799627 0 0 0 0 
0.098 0.204774 0.828591 0 0 0 0 
ZONE I=5
0.098 0.204774 0.828591 0 0 0 0 
0.09825 0.227856 0.795893 0 0 0 0 
0.0985 0.233435 0.788722 0 0 0 0 
0.09875 0.22151 0.807079 0 0 0 0 
0.099 0.192083 0.850964 0 0 0 0 
ZONE I=5
0.099 0.192083 0.850964 0 0 0 0 
0.09925 0.236056 0.774378 0 0 0 0 
0.0995 0.23989 0.773688 0 0 0 0 
0.09975 0.203585 0.848896 0 0 0 0 
0.1 0.127142 1 0 0 0 0 
