ZONE I=5
0 -0.186158 1 0 0 0 0 
0.00025 -0.203378 0.946254 0 0 0 0 
0.0005 -0.206425 0.923783 0 0 0 0 
0.00075 -0.195297 0.932585 0 0 0 0 
0.001 -0.169996 0.972662 0 0 0 0 
ZONE I=5
0.001 -0.169996 0.972662 0 0 0 0 
0.00125 -0.175044 0.940465 0 0 0 0 
0.0015 -0.171664 0.929765 0 0 0 0 
0.00175 -0.159855 0.940562 0 0 0 0 
0.002 -0.139618 0.972855 0 0 0 0 
ZONE I=5
0.002 -0.139618 0.972855 0 0 0 0 
0.00225 -0.140812 0.942991 0 0 0 0 
0.0025 -0.135711 0.933518 0 0 0 0 
0.00275 -0.124314 0.944436 0 0 0 0 
0.003 -0.106621 0.975745 0 0 0 0 
ZONE I=5
0.003 -0.106621 0.975745 0 0 0 0 
0.00325 -0.104856 0.946152 0 0 0 0 
0.0035 -0.0985788 0.93683 0 0 0 0 
0.00375 -0.0877895 0.94778 0 0 0 0 
0.004 -0.0724882 0.979001 0 0 0 0 
ZONE I=5
0.004 -0.0724882 0.979001 0 0 0 0 
0.00425 -0.067943 0.949348 0 0 0 0 
0.0045 -0.0606389 0.940004 0 0 0 0 
0.00475 -0.0505761 0.950969 0 0 0 0 
0.005 -0.0377544 0.982243 0 0 0 0 
ZONE I=5
0.005 -0.0377544 0.982243 0 0 0 0 
0.00525 -0.0305177 0.952496 0 0 0 0 
0.0055 -0.0222736 0.943127 0 0 0 0 
0.00575 -0.0130222 0.954137 0 0 0 0 
0.006 -0.00276328 0.985526 0 0 0 0 
ZONE I=5
0.006 -0.00276328 0.985526 0 0 0 0 
0.00625 0.00707571 0.955711 0 0 0 0 
0.0065 0.0161843 0.946268 0 0 0 0 
0.00675 0.0245624 0.957198 0 0 0 0 
0.007 0.0322101 0.988501 0 0 0 0 
ZONE I=5
0.007 0.0322101 0.988501 0 0 0 0 
0.00725 0.0445524 0.958651 0 0 0 0 
0.0075 0.0544534 0.949202 0 0 0 0 
0.00775 0.0619131 0.960153 0 0 0 0 
0.008 0.0669314 0.991505 0 0 0 0 
ZONE I=5
0.008 0.0669314 0.991505 0 0 0 0 
0.00825 0.0816793 0.96158 0 0 0 0 
0.0085 0.0923096 0.952089 0 0 0 0 
0.00875 0.0988221 0.963034 0 0 0 0 
0.009 0.101217 0.994414 0 0 0 0 
ZONE I=5
0.009 0.101217 0.994414 0 0 0 0 
0.00925 0.118268 0.964423 0 0 0 0 
0.0095 0.129567 0.954896 0 0 0 0 
0.00975 0.135115 0.965832 0 0 0 0 
0.01 0.13491 0.997232 0 0 0 0 
ZONE I=5
0.01 0.13491 0.997232 0 0 0 0 
0.01025 0.15416 0.96718 0 0 0 0 
0.0105 0.166072 0.957617 0 0 0 0 
0.01075 0.170646 0.968544 0 0 0 0 
0.011 0.167881 0.99996 0 0 0 0 
ZONE I=5
0.011 0.167881 0.99996 0 0 0 0 
0.01125 0.189225 0.969848 0 0 0 0 
0.0115 0.201696 0.960251 0 0 0 0 
0.01175 0.205295 0.971167 0 0 0 0 
0.012 0.200022 1.0026 0 0 0 0 
ZONE I=5
0.012 0.200022 1.0026 0 0 0 0 
0.01225 0.223355 0.972428 0 0 0 0 
0.0125 0.236335 0.962796 0 0 0 0 
0.01275 0.238964 0.973701 0 0 0 0 
0.013 0.23124 1.00514 0 0 0 0 
ZONE I=5
0.013 0.23124 1.00514 0 0 0 0 
0.01325 0.256458 0.974917 0 0 0 0 
0.0135 0.269901 0.96525 0 0 0 0 
0.01375 0.271569 0.976143 0 0 0 0 
0.014 0.261462 1.0076 0 0 0 0 
ZONE I=5
0.014 0.261462 1.0076 0 0 0 0 
0.01425 0.28846 0.977313 0 0 0 0 
0.0145 0.30232 0.967612 0 0 0 0 
0.01475 0.303041 0.978493 0 0 0 0 
0.015 0.290623 1.00996 0 0 0 0 
ZONE I=5
0.015 0.290623 1.00996 0 0 0 0 
0.01525 0.319299 0.979617 0 0 0 0 
0.0155 0.333532 0.969881 0 0 0 0 
0.01575 0.333322 0.980749 0 0 0 0 
0.016 0.31867 1.01222 0 0 0 0 
ZONE I=5
0.016 0.31867 1.01222 0 0 0 0 
0.01625 0.348921 0.981826 0 0 0 0 
0.0165 0.363486 0.972055 0 0 0 0 
0.01675 0.362365 0.982911 0 0 0 0 
0.017 0.345557 1.01439 0 0 0 0 
ZONE I=5
0.017 0.345557 1.01439 0 0 0 0 
0.01725 0.377283 0.98394 0 0 0 0 
0.0175 0.392139 0.974135 0 0 0 0 
0.01775 0.390127 0.984978 0 0 0 0 
0.018 0.371246 1.01647 0 0 0 0 
ZONE I=5
0.018 0.371246 1.01647 0 0 0 0 
0.01825 0.404346 0.985958 0 0 0 0 
0.0185 0.419456 0.976118 0 0 0 0 
0.01875 0.416575 0.986948 0 0 0 0 
0.019 0.395704 1.01845 0 0 0 0 
ZONE I=5
0.019 0.395704 1.01845 0 0 0 0 
0.01925 0.43008 0.98788 0 0 0 0 
0.0195 0.445406 0.978004 0 0 0 0 
0.01975 0.44168 0.988821 0 0 0 0 
0.02 0.418904 1.02033 0 0 0 0 
ZONE I=5
0.02 0.418904 1.02033 0 0 0 0 
0.02025 0.454459 0.989703 0 0 0 0 
0.0205 0.469964 0.979792 0 0 0 0 
0.02075 0.465418 0.990596 0 0 0 0 
0.021 0.440822 1.02212 0 0 0 0 
ZONE I=5
0.021 0.440822 1.02212 0 0 0 0 
0.02125 0.477459 0.991429 0 0 0 0 
0.0215 0.493108 0.981481 0 0 0 0 
0.02175 0.487767 0.992272 0 0 0 0 
0.022 0.461437 1.0238 0 0 0 0 
ZONE I=5
0.022 0.461437 1.0238 0 0 0 0 
0.02225 0.499063 0.993056 0 0 0 0 
0.0225 0.514821 0.983072 0 0 0 0 
0.02275 0.508711 0.99385 0 0 0 0 
0.023 0.480734 1.02539 0 0 0 0 
ZONE I=5
0.023 0.480734 1.02539 0 0 0 0 
0.02325 0.519253 0.994583 0 0 0 0 
0.0235 0.535087 0.984562 0 0 0 0 
0.02375 0.528235 0.995327 0 0 0 0 
0.024 0.498696 1.02688 0 0 0 0 
ZONE I=5
0.024 0.498696 1.02688 0 0 0 0 
0.02425 0.538018 0.99601 0 0 0 0 
0.0245 0.553894 0.985953 0 0 0 0 
0.02475 0.546326 0.996705 0 0 0 0 
0.025 0.515314 1.02827 0 0 0 0 
ZONE I=5
0.025 0.515314 1.02827 0 0 0 0 
0.02525 0.555345 0.997337 0 0 0 0 
0.0255 0.571233 0.987242 0 0 0 0 
0.02575 0.562977 0.997982 0 0 0 0 
0.026 0.530577 1.02956 0 0 0 0 
ZONE I=5
0.026 0.530577 1.02956 0 0 0 0 
0.02625 0.571228 0.998564 0 0 0 0 
0.0265 0.587095 0.988431 0 0 0 0 
0.02675 0.578178 0.999158 0 0 0 0 
0.027 0.544477 1.03075 0 0 0 0 
ZONE I=5
0.027 0.544477 1.03075 0 0 0 0 
0.02725 0.585659 0.999689 0 0 0 0 
0.0275 0.601475 0.989518 0 0 0 0 
0.02775 0.591925 1.00023 0 0 0 0 
0.028 0.557009 1.03183 0 0 0 0 
ZONE I=5
0.028 0.557009 1.03183 0 0 0 0 
0.02825 0.598633 1.00071 0 0 0 0 
0.0285 0.614368 0.990504 0 0 0 0 
0.02875 0.604213 1.00121 0 0 0 0 
0.029 0.568169 1.03282 0 0 0 0 
ZONE I=5
0.029 0.568169 1.03282 0 0 0 0 
0.02925 0.610149 1.00164 0 0 0 0 
0.0295 0.625773 0.991388 0 0 0 0 
0.02975 0.615042 1.00208 0 0 0 0 
0.03 0.577955 1.03371 0 0 0 0 
ZONE I=5
0.03 0.577955 1.03371 0 0 0 0 
0.03025 0.620204 1.00246 0 0 0 0 
0.0305 0.63569 0.992171 0 0 0 0 
0.03075 0.624411 1.00285 0 0 0 0 
0.031 0.586367 1.0345 0 0 0 0 
ZONE I=5
0.031 0.586367 1.0345 0 0 0 0 
0.03125 0.628801 1.00318 0 0 0 0 
0.0315 0.644119 0.992853 0 0 0 0 
0.03175 0.632321 1.00352 0 0 0 0 
0.032 0.593407 1.03519 0 0 0 0 
ZONE I=5
0.032 0.593407 1.03519 0 0 0 0 
0.03225 0.635941 1.0038 0 0 0 0 
0.0325 0.651064 0.993433 0 0 0 0 
0.03275 0.638776 1.00409 0 0 0 0 
0.033 0.599078 1.03577 0 0 0 0 
ZONE I=5
0.033 0.599078 1.03577 0 0 0 0 
0.03325 0.641629 1.00432 0 0 0 0 
0.0335 0.65653 0.993913 0 0 0 0 
0.03375 0.643782 1.00456 0 0 0 0 
0.034 0.603385 1.03626 0 0 0 0 
ZONE I=5
0.034 0.603385 1.03626 0 0 0 0 
0.03425 0.645871 1.00474 0 0 0 0 
0.0345 0.660524 0.994293 0 0 0 0 
0.03475 0.647346 1.00493 0 0 0 0 
0.035 0.606336 1.03665 0 0 0 0 
ZONE I=5
0.035 0.606336 1.03665 0 0 0 0 
0.03525 0.648675 1.00506 0 0 0 0 
0.0355 0.663055 0.994574 0 0 0 0 
0.03575 0.649476 1.0052 0 0 0 0 
0.036 0.607939 1.03694 0 0 0 0 
ZONE I=5
0.036 0.607939 1.03694 0 0 0 0 
0.03625 0.650051 1.00528 0 0 0 0 
0.0365 0.664133 0.994756 0 0 0 0 
0.03675 0.650184 1.00538 0 0 0 0 
0.037 0.608205 1.03714 0 0 0 0 
ZONE I=5
0.037 0.608205 1.03714 0 0 0 0 
0.03725 0.650011 1.0054 0 0 0 0 
0.0375 0.663769 0.99484 0 0 0 0 
0.03775 0.649481 1.00545 0 0 0 0 
0.038 0.607147 1.03724 0 0 0 0 
ZONE I=5
0.038 0.607147 1.03724 0 0 0 0 
0.03825 0.648567 1.00543 0 0 0 0 
0.0385 0.66198 0.994828 0 0 0 0 
0.03875 0.647383 1.00543 0 0 0 0 
0.039 0.604778 1.03724 0 0 0 0 
ZONE I=5
0.039 0.604778 1.03724 0 0 0 0 
0.03925 0.645737 1.00536 0 0 0 0 
0.0395 0.65878 0.99472 0 0 0 0 
0.03975 0.643906 1.00532 0 0 0 0 
0.04 0.601117 1.03715 0 0 0 0 
ZONE I=5
0.04 0.601117 1.03715 0 0 0 0 
0.04025 0.641537 1.0052 0 0 0 0 
0.0405 0.654188 0.994519 0 0 0 0 
0.04075 0.639069 1.00511 0 0 0 0 
0.041 0.59618 1.03697 0 0 0 0 
ZONE I=5
0.041 0.59618 1.03697 0 0 0 0 
0.04125 0.635987 1.00494 0 0 0 0 
0.0415 0.648224 0.994224 0 0 0 0 
0.04175 0.632892 1.00481 0 0 0 0 
0.042 0.589989 1.0367 0 0 0 0 
ZONE I=5
0.042 0.589989 1.0367 0 0 0 0 
0.04225 0.629108 1.0046 0 0 0 0 
0.0425 0.640911 0.993839 0 0 0 0 
0.04275 0.625397 1.00442 0 0 0 0 
0.043 0.582566 1.03634 0 0 0 0 
ZONE I=5
0.043 0.582566 1.03634 0 0 0 0 
0.04325 0.620925 1.00416 0 0 0 0 
0.0435 0.632273 0.993365 0 0 0 0 
0.04375 0.61661 1.00394 0 0 0 0 
0.044 0.573936 1.03589 0 0 0 0 
ZONE I=5
0.044 0.573936 1.03589 0 0 0 0 
0.04425 0.611462 1.00364 0 0 0 0 
0.0445 0.622335 0.992803 0 0 0 0 
0.04475 0.606556 1.00337 0 0 0 0 
0.045 0.564124 1.03535 0 0 0 0 
ZONE I=5
0.045 0.564124 1.03535 0 0 0 0 
0.04525 0.600748 1.00303 0 0 0 0 
0.0455 0.611128 0.992157 0 0 0 0 
0.04575 0.595266 1.00272 0 0 0 0 
0.046 0.55316 1.03474 0 0 0 0 
ZONE I=5
0.046 0.55316 1.03474 0 0 0 0 
0.04625 0.588811 1.00234 0 0 0 0 
0.0465 0.598681 0.991427 0 0 0 0 
0.04675 0.582769 1.00199 0 0 0 0 
0.047 0.541075 1.03404 0 0 0 0 
ZONE I=5
0.047 0.541075 1.03404 0 0 0 0 
0.04725 0.575686 1.00157 0 0 0 0 
0.0475 0.585027 0.990616 0 0 0 0 
0.04775 0.569098 1.00118 0 0 0 0 
0.048 0.5279 1.03327 0 0 0 0 
ZONE I=5
0.048 0.5279 1.03327 0 0 0 0 
0.04825 0.561405 1.00072 0 0 0 0 
0.0485 0.570201 0.989728 0 0 0 0 
0.04875 0.55429 1.00029 0 0 0 0 
0.049 0.51367 1.03241 0 0 0 0 
ZONE I=5
0.049 0.51367 1.03241 0 0 0 0 
0.04925 0.546004 0.999792 0 0 0 0 
0.0495 0.554241 0.988763 0 0 0 0 
0.04975 0.53838 0.999329 0 0 0 0 
0.05 0.498423 1.03149 0 0 0 0 
ZONE I=5
0.05 0.498423 1.03149 0 0 0 0 
0.05025 0.529523 0.998791 0 0 0 0 
0.0505 0.537185 0.987726 0 0 0 0 
0.05075 0.521409 0.998294 0 0 0 0 
0.051 0.482197 1.03049 0 0 0 0 
ZONE I=5
0.051 0.482197 1.03049 0 0 0 0 
0.05125 0.512001 0.997721 0 0 0 0 
0.0515 0.519074 0.986619 0 0 0 0 
0.05175 0.503418 0.99719 0 0 0 0 
0.052 0.465032 1.02943 0 0 0 0 
ZONE I=5
0.052 0.465032 1.02943 0 0 0 0 
0.05225 0.493481 0.996583 0 0 0 0 
0.0525 0.499954 0.985445 0 0 0 0 
0.05275 0.48445 0.996019 0 0 0 0 
0.053 0.446971 1.02831 0 0 0 0 
ZONE I=5
0.053 0.446971 1.02831 0 0 0 0 
0.05325 0.474008 0.99538 0 0 0 0 
0.0535 0.479868 0.984207 0 0 0 0 
0.05375 0.464552 0.994786 0 0 0 0 
0.054 0.428059 1.02712 0 0 0 0 
ZONE I=5
0.054 0.428059 1.02712 0 0 0 0 
0.05425 0.453628 0.994116 0 0 0 0 
0.0545 0.458865 0.982908 0 0 0 0 
0.05475 0.44377 0.993493 0 0 0 0 
0.055 0.408343 1.02587 0 0 0 0 
ZONE I=5
0.055 0.408343 1.02587 0 0 0 0 
0.05525 0.43239 0.992794 0 0 0 0 
0.0555 0.436994 0.981551 0 0 0 0 
0.05575 0.422154 0.992143 0 0 0 0 
0.056 0.38787 1.02457 0 0 0 0 
ZONE I=5
0.056 0.38787 1.02457 0 0 0 0 
0.05625 0.410346 0.991417 0 0 0 0 
0.0565 0.414308 0.980141 0 0 0 0 
0.05675 0.399756 0.990741 0 0 0 0 
0.057 0.366691 1.02322 0 0 0 0 
ZONE I=5
0.057 0.366691 1.02322 0 0 0 0 
0.05725 0.387547 0.989989 0 0 0 0 
0.0575 0.39086 0.97868 0 0 0 0 
0.05775 0.37663 0.989289 0 0 0 0 
0.058 0.344857 1.02182 0 0 0 0 
ZONE I=5
0.058 0.344857 1.02182 0 0 0 0 
0.05825 0.364048 0.988514 0 0 0 0 
0.0585 0.366706 0.977172 0 0 0 0 
0.05875 0.352831 0.987792 0 0 0 0 
0.059 0.322423 1.02037 0 0 0 0 
ZONE I=5
0.059 0.322423 1.02037 0 0 0 0 
0.05925 0.339907 0.986995 0 0 0 0 
0.0595 0.341905 0.975621 0 0 0 0 
0.05975 0.328418 0.986252 0 0 0 0 
0.06 0.299445 1.01889 0 0 0 0 
ZONE I=5
0.06 0.299445 1.01889 0 0 0 0 
0.06025 0.315182 0.985435 0 0 0 0 
0.0605 0.316516 0.97403 0 0 0 0 
0.06075 0.303448 0.984675 0 0 0 0 
0.061 0.275978 1.01737 0 0 0 0 
ZONE I=5
0.061 0.275978 1.01737 0 0 0 0 
0.06125 0.289932 0.98384 0 0 0 0 
0.0615 0.290601 0.972405 0 0 0 0 
0.06175 0.277984 0.983063 0 0 0 0 
0.062 0.252082 1.01581 0 0 0 0 
ZONE I=5
0.062 0.252082 1.01581 0 0 0 0 
0.06225 0.264222 0.982212 0 0 0 0 
0.0625 0.264224 0.970747 0 0 0 0 
0.06275 0.252089 0.98142 0 0 0 0 
0.063 0.227817 1.01423 0 0 0 0 
ZONE I=5
0.063 0.227817 1.01423 0 0 0 0 
0.06325 0.238114 0.980556 0 0 0 0 
0.0635 0.237451 0.969063 0 0 0 0 
0.06375 0.225828 0.97975 0 0 0 0 
0.064 0.203247 1.01262 0 0 0 0 
ZONE I=5
0.064 0.203247 1.01262 0 0 0 0 
0.06425 0.211676 0.978873 0 0 0 0 
0.0645 0.210349 0.967353 0 0 0 0 
0.06475 0.199268 0.978058 0 0 0 0 
0.065 0.178432 1.01099 0 0 0 0 
ZONE I=5
0.065 0.178432 1.01099 0 0 0 0 
0.06525 0.184973 0.977172 0 0 0 0 
0.0655 0.182988 0.965624 0 0 0 0 
0.06575 0.172477 0.976348 0 0 0 0 
0.066 0.153439 1.00934 0 0 0 0 
ZONE I=5
0.066 0.153439 1.00934 0 0 0 0 
0.06625 0.158077 0.975454 0 0 0 0 
0.0665 0.155439 0.963881 0 0 0 0 
0.06675 0.145524 0.974625 0 0 0 0 
0.067 0.128333 1.00768 0 0 0 0 
ZONE I=5
0.067 0.128333 1.00768 0 0 0 0 
0.06725 0.131058 0.973725 0 0 0 0 
0.0675 0.127774 0.962128 0 0 0 0 
0.06775 0.118483 0.972891 0 0 0 0 
0.068 0.103183 1.00602 0 0 0 0 
ZONE I=5
0.068 0.103183 1.00602 0 0 0 0 
0.06825 0.103989 0.971988 0 0 0 0 
0.0685 0.10007 0.960367 0 0 0 0 
0.06875 0.0914265 0.971153 0 0 0 0 
0.069 0.0780581 1.00434 0 0 0 0 
ZONE I=5
0.069 0.0780581 1.00434 0 0 0 0 
0.06925 0.0769456 0.970247 0 0 0 0 
0.0695 0.0724031 0.958604 0 0 0 0 
0.06975 0.0644306 0.969415 0 0 0 0 
0.07 0.0530282 1.00268 0 0 0 0 
ZONE I=5
0.07 0.0530282 1.00268 0 0 0 0 
0.07025 0.0500042 0.968502 0 0 0 0 
0.0705 0.0448522 0.956839 0 0 0 0 
0.07075 0.0375723 0.96769 0 0 0 0 
0.071 0.0281645 1.00106 0 0 0 0 
ZONE I=5
0.071 0.0281645 1.00106 0 0 0 0 
0.07125 0.0232426 0.966728 0 0 0 0 
0.0715 0.0174984 0.955055 0 0 0 0 
0.07175 0.010932 0.966036 0 0 0 0 
0.072 0.00354322 0.999672 0 0 0 0 
ZONE I=5
0.072 0.00354322 0.999672 0 0 0 0 
0.07225 -0.00326575 0.965207 0 0 0 0 
0.0725 -0.0095863 0.953385 0 0 0 0 
0.07275 -0.0154184 0.964205 0 0 0 0 
0.073 -0.0207621 0.997667 0 0 0 0 
ZONE I=5
0.073 -0.0207621 0.997667 0 0 0 0 
0.07325 -0.0294254 0.963331 0 0 0 0 
0.0735 -0.0362977 0.951616 0 0 0 0 
0.07375 -0.0413792 0.962522 0 0 0 0 
0.074 -0.0446698 0.996049 0 0 0 0 
ZONE I=5
0.074 -0.0446698 0.996049 0 0 0 0 
0.07425 -0.0551559 0.961645 0 0 0 0 
0.0745 -0.0625571 0.949909 0 0 0 0 
0.07475 -0.0668736 0.960841 0 0 0 0 
0.075 -0.0681052 0.994441 0 0 0 0 
ZONE I=5
0.075 -0.0681052 0.994441 0 0 0 0 
0.07525 -0.0803727 0.959979 0 0 0 0 
0.0755 -0.0882755 0.948227 0 0 0 0 
0.07575 -0.0918138 0.959186 0 0 0 0 
0.076 -0.0909875 0.992855 0 0 0 0 
ZONE I=5
0.076 -0.0909875 0.992855 0 0 0 0 
0.07625 -0.104987 0.958339 0 0 0 0 
0.0765 -0.113361 0.946574 0 0 0 0 
0.07675 -0.11611 0.957561 0 0 0 0 
0.077 -0.113234 0.9913 0 0 0 0 
ZONE I=5
0.077 -0.113234 0.9913 0 0 0 0 
0.07725 -0.128907 0.956731 0 0 0 0 
0.0775 -0.137719 0.944955 0 0 0 0 
0.07775 -0.139669 0.95597 0 0 0 0 
0.078 -0.134759 0.989777 0 0 0 0 
ZONE I=5
0.078 -0.134759 0.989777 0 0 0 0 
0.07825 -0.152038 0.95516 0 0 0 0 
0.0785 -0.161251 0.943374 0 0 0 0 
0.07875 -0.162397 0.954418 0 0 0 0 
0.079 -0.155476 0.988293 0 0 0 0 
ZONE I=5
0.079 -0.155476 0.988293 0 0 0 0 
0.07925 -0.174284 0.953631 0 0 0 0 
0.0795 -0.183856 0.941836 0 0 0 0 
0.07975 -0.184193 0.95291 0 0 0 0 
0.08 -0.175293 0.986852 0 0 0 0 
ZONE I=5
0.08 -0.175293 0.986852 0 0 0 0 
0.08025 -0.195542 0.952147 0 0 0 0 
0.0805 -0.20543 0.940347 0 0 0 0 
0.08075 -0.204955 0.95145 0 0 0 0 
0.081 -0.194118 0.985458 0 0 0 0 
ZONE I=5
0.081 -0.194118 0.985458 0 0 0 0 
0.08125 -0.21571 0.950715 0 0 0 0 
0.0815 -0.225863 0.93891 0 0 0 0 
0.08175 -0.224577 0.950044 0 0 0 0 
0.082 -0.211853 0.984116 0 0 0 0 
ZONE I=5
0.082 -0.211853 0.984116 0 0 0 0 
0.08225 -0.234676 0.949338 0 0 0 0 
0.0825 -0.245041 0.937531 0 0 0 0 
0.08275 -0.242948 0.948695 0 0 0 0 
0.083 -0.228396 0.98283 0 0 0 0 
ZONE I=5
0.083 -0.228396 0.98283 0 0 0 0 
0.08325 -0.252328 0.948022 0 0 0 0 
0.0835 -0.262847 0.936215 0 0 0 0 
0.08375 -0.259951 0.94741 0 0 0 0 
0.084 -0.243641 0.981605 0 0 0 0 
ZONE I=5
0.084 -0.243641 0.981605 0 0 0 0 
0.08425 -0.268547 0.946772 0 0 0 0 
0.0845 -0.279154 0.934967 0 0 0 0 
0.08475 -0.275464 0.946192 0 0 0 0 
0.085 -0.257477 0.980446 0 0 0 0 
ZONE I=5
0.085 -0.257477 0.980446 0 0 0 0 
0.08525 -0.283205 0.945592 0 0 0 0 
0.0855 -0.293833 0.933793 0 0 0 0 
0.08575 -0.289359 0.945048 0 0 0 0 
0.086 -0.269786 0.979358 0 0 0 0 
ZONE I=5
0.086 -0.269786 0.979358 0 0 0 0 
0.08625 -0.296172 0.944489 0 0 0 0 
0.0865 -0.306743 0.932697 0 0 0 0 
0.08675 -0.3015 0.943983 0 0 0 0 
0.087 -0.280442 0.978346 0 0 0 0 
ZONE I=5
0.087 -0.280442 0.978346 0 0 0 0 
0.08725 -0.307305 0.943468 0 0 0 0 
0.0875 -0.317738 0.931686 0 0 0 0 
0.08775 -0.311741 0.943002 0 0 0 0 
0.088 -0.289314 0.977415 0 0 0 0 
ZONE I=5
0.088 -0.289314 0.977415 0 0 0 0 
0.08825 -0.316457 0.942534 0 0 0 0 
0.0885 -0.326662 0.930766 0 0 0 0 
0.08875 -0.31993 0.942111 0 0 0 0 
0.089 -0.296259 0.97657 0 0 0 0 
ZONE I=5
0.089 -0.296259 0.97657 0 0 0 0 
0.08925 -0.323468 0.941693 0 0 0 0 
0.0895 -0.333349 0.929942 0 0 0 0 
0.08975 -0.325902 0.941317 0 0 0 0 
0.09 -0.301128 0.975817 0 0 0 0 
ZONE I=5
0.09 -0.301128 0.975817 0 0 0 0 
0.09025 -0.328168 0.940952 0 0 0 0 
0.0905 -0.337619 0.929221 0 0 0 0 
0.09075 -0.329483 0.940625 0 0 0 0 
0.091 -0.303758 0.975163 0 0 0 0 
ZONE I=5
0.091 -0.303758 0.975163 0 0 0 0 
0.09125 -0.330376 0.940317 0 0 0 0 
0.0915 -0.339286 0.92861 0 0 0 0 
0.09175 -0.330486 0.940042 0 0 0 0 
0.092 -0.303977 0.974614 0 0 0 0 
ZONE I=5
0.092 -0.303977 0.974614 0 0 0 0 
0.09225 -0.329901 0.939796 0 0 0 0 
0.0925 -0.338147 0.928117 0 0 0 0 
0.09275 -0.328714 0.939577 0 0 0 0 
0.093 -0.301602 0.974176 0 0 0 0 
ZONE I=5
0.093 -0.301602 0.974176 0 0 0 0 
0.09325 -0.32654 0.939395 0 0 0 0 
0.0935 -0.333992 0.927748 0 0 0 0 
0.09375 -0.32396 0.939236 0 0 0 0 
0.094 -0.296442 0.973858 0 0 0 0 
ZONE I=5
0.094 -0.296442 0.973858 0 0 0 0 
0.09425 -0.32008 0.939123 0 0 0 0 
0.0945 -0.326602 0.927513 0 0 0 0 
0.09475 -0.316008 0.939028 0 0 0 0 
0.095 -0.288298 0.973669 0 0 0 0 
ZONE I=5
0.095 -0.288298 0.973669 0 0 0 0 
0.09525 -0.310309 0.938985 0 0 0 0 
0.0955 -0.315758 0.927417 0 0 0 0 
0.09575 -0.304643 0.938965 0 0 0 0 
0.096 -0.276967 0.973628 0 0 0 0 
ZONE I=5
0.096 -0.276967 0.973628 0 0 0 0 
0.09625 -0.297024 0.938981 0 0 0 0 
0.0965 -0.301254 0.927463 0 0 0 0 
0.09675 -0.289656 0.939073 0 0 0 0 
0.097 -0.262231 0.973811 0 0 0 0 
ZONE I=5
0.097 -0.262231 0.973811 0 0 0 0 
0.09725 -0.280078 0.939053 0 0 0 0 
0.0975 -0.282944 0.927603 0 0 0 0 
0.09775 -0.27083 0.939462 0 0 0 0 
0.098 -0.243735 0.974629 0 0 0 0 
ZONE I=5
0.098 -0.243735 0.974629 0 0 0 0 
0.09825 -0.259536 0.938803 0 0 0 0 
0.0985 -0.26089 0.927507 0 0 0 0 
0.09875 -0.247797 0.940742 0 0 0 0 
0.099 -0.220257 0.978507 0 0 0 0 
ZONE I=5
0.099 -0.220257 0.978507 0 0 0 0 
0.09925 -0.236311 0.935794 0 0 0 0 
0.0995 -0.235979 0.925139 0 0 0 0 
0.09975 -0.219262 0.946541 0 0 0 0 
0.1 -0.186158 1 0 0 0 0 
