ZONE I=5
0 0.118169 1 0 0 0 0 
0.00025 0.181009 0.86032 0 0 0 0 
0.0005 0.211066 0.791399 0 0 0 0 
0.00075 0.20834 0.793237 0 0 0 0 
0.001 0.172832 0.865833 0 0 0 0 
ZONE I=5
0.001 0.172832 0.865833 0 0 0 0 
0.00125 0.195769 0.82711 0 0 0 0 
0.0015 0.20496 0.812104 0 0 0 0 
0.00175 0.200407 0.820818 0 0 0 0 
0.002 0.182109 0.853249 0 0 0 0 
ZONE I=5
0.002 0.182109 0.853249 0 0 0 0 
0.00225 0.197758 0.827934 0 0 0 0 
0.0025 0.203181 0.820019 0 0 0 0 
0.00275 0.198379 0.829504 0 0 0 0 
0.003 0.183351 0.85639 0 0 0 0 
ZONE I=5
0.003 0.183351 0.85639 0 0 0 0 
0.00325 0.197797 0.833022 0 0 0 0 
0.0035 0.202659 0.826137 0 0 0 0 
0.00375 0.197938 0.835736 0 0 0 0 
0.004 0.183635 0.86182 0 0 0 0 
ZONE I=5
0.004 0.183635 0.86182 0 0 0 0 
0.00425 0.197809 0.838742 0 0 0 0 
0.0045 0.202592 0.832022 0 0 0 0 
0.00475 0.197985 0.84166 0 0 0 0 
0.005 0.183987 0.867655 0 0 0 0 
ZONE I=5
0.005 0.183987 0.867655 0 0 0 0 
0.00525 0.198021 0.84465 0 0 0 0 
0.0055 0.202792 0.837975 0 0 0 0 
0.00575 0.198299 0.847629 0 0 0 0 
0.006 0.184543 0.873613 0 0 0 0 
ZONE I=5
0.006 0.184543 0.873613 0 0 0 0 
0.00625 0.198429 0.850721 0 0 0 0 
0.0065 0.203215 0.844041 0 0 0 0 
0.00675 0.198899 0.85357 0 0 0 0 
0.007 0.185483 0.879309 0 0 0 0 
ZONE I=5
0.007 0.185483 0.879309 0 0 0 0 
0.00725 0.19924 0.856546 0 0 0 0 
0.0075 0.204007 0.84993 0 0 0 0 
0.00775 0.199786 0.859462 0 0 0 0 
0.008 0.186575 0.885141 0 0 0 0 
ZONE I=5
0.008 0.186575 0.885141 0 0 0 0 
0.00825 0.20024 0.862451 0 0 0 0 
0.0085 0.205015 0.855852 0 0 0 0 
0.00875 0.200898 0.865345 0 0 0 0 
0.009 0.18789 0.890928 0 0 0 0 
ZONE I=5
0.009 0.18789 0.890928 0 0 0 0 
0.00925 0.201472 0.86832 0 0 0 0 
0.0095 0.206253 0.861741 0 0 0 0 
0.00975 0.202231 0.871189 0 0 0 0 
0.01 0.189409 0.896665 0 0 0 0 
ZONE I=5
0.01 0.189409 0.896665 0 0 0 0 
0.01025 0.202919 0.87414 0 0 0 0 
0.0105 0.207706 0.867577 0 0 0 0 
0.01075 0.203772 0.876977 0 0 0 0 
0.011 0.191115 0.902339 0 0 0 0 
ZONE I=5
0.011 0.191115 0.902339 0 0 0 0 
0.01125 0.204563 0.879893 0 0 0 0 
0.0115 0.209359 0.873344 0 0 0 0 
0.01175 0.205502 0.882692 0 0 0 0 
0.012 0.192993 0.907936 0 0 0 0 
ZONE I=5
0.012 0.192993 0.907936 0 0 0 0 
0.01225 0.20639 0.885567 0 0 0 0 
0.0125 0.211194 0.879028 0 0 0 0 
0.01275 0.207407 0.88832 0 0 0 0 
0.013 0.195026 0.913442 0 0 0 0 
ZONE I=5
0.013 0.195026 0.913442 0 0 0 0 
0.01325 0.208381 0.891146 0 0 0 0 
0.0135 0.213195 0.884615 0 0 0 0 
0.01375 0.209468 0.893848 0 0 0 0 
0.014 0.1972 0.918846 0 0 0 0 
ZONE I=5
0.014 0.1972 0.918846 0 0 0 0 
0.01425 0.210521 0.896619 0 0 0 0 
0.0145 0.215344 0.890091 0 0 0 0 
0.01475 0.21167 0.899264 0 0 0 0 
0.015 0.199497 0.924136 0 0 0 0 
ZONE I=5
0.015 0.199497 0.924136 0 0 0 0 
0.01525 0.212792 0.901972 0 0 0 0 
0.0155 0.217625 0.895445 0 0 0 0 
0.01575 0.213995 0.904554 0 0 0 0 
0.016 0.201903 0.9293 0 0 0 0 
ZONE I=5
0.016 0.201903 0.9293 0 0 0 0 
0.01625 0.215178 0.907194 0 0 0 0 
0.0165 0.220019 0.900664 0 0 0 0 
0.01675 0.216427 0.909708 0 0 0 0 
0.017 0.2044 0.934328 0 0 0 0 
ZONE I=5
0.017 0.2044 0.934328 0 0 0 0 
0.01725 0.217662 0.912275 0 0 0 0 
0.0175 0.222511 0.905737 0 0 0 0 
0.01775 0.218949 0.914716 0 0 0 0 
0.018 0.206974 0.93921 0 0 0 0 
ZONE I=5
0.018 0.206974 0.93921 0 0 0 0 
0.01825 0.220228 0.917203 0 0 0 0 
0.0185 0.225085 0.910655 0 0 0 0 
0.01875 0.221545 0.919566 0 0 0 0 
0.019 0.209609 0.943936 0 0 0 0 
ZONE I=5
0.019 0.209609 0.943936 0 0 0 0 
0.01925 0.222859 0.921969 0 0 0 0 
0.0195 0.227722 0.915407 0 0 0 0 
0.01975 0.224199 0.92425 0 0 0 0 
0.02 0.212289 0.948497 0 0 0 0 
ZONE I=5
0.02 0.212289 0.948497 0 0 0 0 
0.02025 0.225539 0.926564 0 0 0 0 
0.0205 0.230408 0.919985 0 0 0 0 
0.02075 0.226895 0.928758 0 0 0 0 
0.021 0.215 0.952885 0 0 0 0 
ZONE I=5
0.021 0.215 0.952885 0 0 0 0 
0.02125 0.228254 0.93098 0 0 0 0 
0.0215 0.233127 0.924379 0 0 0 0 
0.02175 0.229617 0.933083 0 0 0 0 
0.022 0.217726 0.957091 0 0 0 0 
ZONE I=5
0.022 0.217726 0.957091 0 0 0 0 
0.02225 0.230987 0.935208 0 0 0 0 
0.0225 0.235863 0.928583 0 0 0 0 
0.02275 0.232351 0.937216 0 0 0 0 
0.023 0.220453 0.961108 0 0 0 0 
ZONE I=5
0.023 0.220453 0.961108 0 0 0 0 
0.02325 0.233725 0.93924 0 0 0 0 
0.0235 0.238601 0.932587 0 0 0 0 
0.02375 0.235082 0.941151 0 0 0 0 
0.024 0.223168 0.96493 0 0 0 0 
ZONE I=5
0.024 0.223168 0.96493 0 0 0 0 
0.02425 0.236451 0.94307 0 0 0 0 
0.0245 0.241326 0.936386 0 0 0 0 
0.02475 0.237795 0.944879 0 0 0 0 
0.025 0.225856 0.968549 0 0 0 0 
ZONE I=5
0.025 0.225856 0.968549 0 0 0 0 
0.02525 0.239152 0.946691 0 0 0 0 
0.0255 0.244025 0.939974 0 0 0 0 
0.02575 0.240476 0.948396 0 0 0 0 
0.026 0.228504 0.971959 0 0 0 0 
ZONE I=5
0.026 0.228504 0.971959 0 0 0 0 
0.02625 0.241815 0.950098 0 0 0 0 
0.0265 0.246684 0.943343 0 0 0 0 
0.02675 0.243112 0.951696 0 0 0 0 
0.027 0.231099 0.975156 0 0 0 0 
ZONE I=5
0.027 0.231099 0.975156 0 0 0 0 
0.02725 0.244425 0.953284 0 0 0 0 
0.0275 0.249289 0.946489 0 0 0 0 
0.02775 0.24569 0.954773 0 0 0 0 
0.028 0.233628 0.978134 0 0 0 0 
ZONE I=5
0.028 0.233628 0.978134 0 0 0 0 
0.02825 0.246972 0.956245 0 0 0 0 
0.0285 0.251828 0.949407 0 0 0 0 
0.02875 0.248198 0.957622 0 0 0 0 
0.029 0.23608 0.980888 0 0 0 0 
ZONE I=5
0.029 0.23608 0.980888 0 0 0 0 
0.02925 0.249441 0.958976 0 0 0 0 
0.0295 0.254289 0.952093 0 0 0 0 
0.02975 0.250623 0.960239 0 0 0 0 
0.03 0.238444 0.983414 0 0 0 0 
ZONE I=5
0.03 0.238444 0.983414 0 0 0 0 
0.03025 0.251823 0.961473 0 0 0 0 
0.0305 0.25666 0.954542 0 0 0 0 
0.03075 0.252955 0.962621 0 0 0 0 
0.031 0.240707 0.98571 0 0 0 0 
ZONE I=5
0.031 0.240707 0.98571 0 0 0 0 
0.03125 0.254105 0.963734 0 0 0 0 
0.0315 0.258929 0.956752 0 0 0 0 
0.03175 0.255182 0.964764 0 0 0 0 
0.032 0.242861 0.987771 0 0 0 0 
ZONE I=5
0.032 0.242861 0.987771 0 0 0 0 
0.03225 0.256277 0.965754 0 0 0 0 
0.0325 0.261088 0.958719 0 0 0 0 
0.03275 0.257294 0.966666 0 0 0 0 
0.033 0.244896 0.989595 0 0 0 0 
ZONE I=5
0.033 0.244896 0.989595 0 0 0 0 
0.03325 0.25833 0.967531 0 0 0 0 
0.0335 0.263126 0.96044 0 0 0 0 
0.03375 0.259283 0.968323 0 0 0 0 
0.034 0.246801 0.991179 0 0 0 0 
ZONE I=5
0.034 0.246801 0.991179 0 0 0 0 
0.03425 0.260254 0.969063 0 0 0 0 
0.0345 0.265034 0.961915 0 0 0 0 
0.03475 0.261139 0.969735 0 0 0 0 
0.035 0.24857 0.992523 0 0 0 0 
ZONE I=5
0.035 0.24857 0.992523 0 0 0 0 
0.03525 0.262042 0.970348 0 0 0 0 
0.0355 0.266803 0.96314 0 0 0 0 
0.03575 0.262854 0.970899 0 0 0 0 
0.036 0.250194 0.993625 0 0 0 0 
ZONE I=5
0.036 0.250194 0.993625 0 0 0 0 
0.03625 0.263685 0.971386 0 0 0 0 
0.0365 0.268427 0.964116 0 0 0 0 
0.03675 0.264421 0.971815 0 0 0 0 
0.037 0.251666 0.994484 0 0 0 0 
ZONE I=5
0.037 0.251666 0.994484 0 0 0 0 
0.03725 0.265176 0.972175 0 0 0 0 
0.0375 0.269898 0.964842 0 0 0 0 
0.03775 0.265833 0.972483 0 0 0 0 
0.038 0.252981 0.995099 0 0 0 0 
ZONE I=5
0.038 0.252981 0.995099 0 0 0 0 
0.03825 0.266509 0.972716 0 0 0 0 
0.0385 0.27121 0.965317 0 0 0 0 
0.03875 0.267085 0.972903 0 0 0 0 
0.039 0.254131 0.995472 0 0 0 0 
ZONE I=5
0.039 0.254131 0.995472 0 0 0 0 
0.03925 0.267679 0.973009 0 0 0 0 
0.0395 0.272359 0.965543 0 0 0 0 
0.03975 0.26817 0.973074 0 0 0 0 
0.04 0.255114 0.995602 0 0 0 0 
ZONE I=5
0.04 0.255114 0.995602 0 0 0 0 
0.04025 0.268681 0.973054 0 0 0 0 
0.0405 0.273338 0.965519 0 0 0 0 
0.04075 0.269086 0.972998 0 0 0 0 
0.041 0.255924 0.995492 0 0 0 0 
ZONE I=5
0.041 0.255924 0.995492 0 0 0 0 
0.04125 0.26951 0.972853 0 0 0 0 
0.0415 0.274145 0.965248 0 0 0 0 
0.04175 0.269827 0.972677 0 0 0 0 
0.042 0.256558 0.995141 0 0 0 0 
ZONE I=5
0.042 0.256558 0.995141 0 0 0 0 
0.04225 0.270164 0.972407 0 0 0 0 
0.0425 0.274775 0.96473 0 0 0 0 
0.04275 0.270392 0.972113 0 0 0 0 
0.043 0.257013 0.994554 0 0 0 0 
ZONE I=5
0.043 0.257013 0.994554 0 0 0 0 
0.04325 0.27064 0.971718 0 0 0 0 
0.0435 0.275228 0.96397 0 0 0 0 
0.04375 0.270778 0.971307 0 0 0 0 
0.044 0.257289 0.993731 0 0 0 0 
ZONE I=5
0.044 0.257289 0.993731 0 0 0 0 
0.04425 0.270937 0.97079 0 0 0 0 
0.0445 0.275502 0.962968 0 0 0 0 
0.04475 0.270984 0.970263 0 0 0 0 
0.045 0.257383 0.992677 0 0 0 0 
ZONE I=5
0.045 0.257383 0.992677 0 0 0 0 
0.04525 0.271053 0.969626 0 0 0 0 
0.0455 0.275595 0.961728 0 0 0 0 
0.04575 0.271009 0.968985 0 0 0 0 
0.046 0.257296 0.991395 0 0 0 0 
ZONE I=5
0.046 0.257296 0.991395 0 0 0 0 
0.04625 0.270989 0.968228 0 0 0 0 
0.0465 0.275508 0.960255 0 0 0 0 
0.04675 0.270855 0.967475 0 0 0 0 
0.047 0.257028 0.989888 0 0 0 0 
ZONE I=5
0.047 0.257028 0.989888 0 0 0 0 
0.04725 0.270744 0.966602 0 0 0 0 
0.0475 0.275242 0.958552 0 0 0 0 
0.04775 0.270521 0.965739 0 0 0 0 
0.048 0.256581 0.988162 0 0 0 0 
ZONE I=5
0.048 0.256581 0.988162 0 0 0 0 
0.04825 0.270322 0.964751 0 0 0 0 
0.0485 0.274798 0.956624 0 0 0 0 
0.04875 0.270009 0.96378 0 0 0 0 
0.049 0.255956 0.986221 0 0 0 0 
ZONE I=5
0.049 0.255956 0.986221 0 0 0 0 
0.04925 0.269723 0.962681 0 0 0 0 
0.0495 0.274179 0.954476 0 0 0 0 
0.04975 0.269323 0.961606 0 0 0 0 
0.05 0.255156 0.984071 0 0 0 0 
ZONE I=5
0.05 0.255156 0.984071 0 0 0 0 
0.05025 0.268951 0.960397 0 0 0 0 
0.0505 0.273388 0.952113 0 0 0 0 
0.05075 0.268466 0.95922 0 0 0 0 
0.051 0.254186 0.981717 0 0 0 0 
ZONE I=5
0.051 0.254186 0.981717 0 0 0 0 
0.05125 0.26801 0.957905 0 0 0 0 
0.0515 0.272429 0.949543 0 0 0 0 
0.05175 0.267441 0.95663 0 0 0 0 
0.052 0.253048 0.979167 0 0 0 0 
ZONE I=5
0.052 0.253048 0.979167 0 0 0 0 
0.05225 0.266904 0.955213 0 0 0 0 
0.0525 0.271305 0.946771 0 0 0 0 
0.05275 0.266254 0.953842 0 0 0 0 
0.053 0.251749 0.976426 0 0 0 0 
ZONE I=5
0.053 0.251749 0.976426 0 0 0 0 
0.05325 0.265637 0.952325 0 0 0 0 
0.0535 0.270024 0.943805 0 0 0 0 
0.05375 0.264909 0.950864 0 0 0 0 
0.054 0.250293 0.973503 0 0 0 0 
ZONE I=5
0.054 0.250293 0.973503 0 0 0 0 
0.05425 0.264217 0.949251 0 0 0 0 
0.0545 0.26859 0.940651 0 0 0 0 
0.05475 0.263414 0.947702 0 0 0 0 
0.055 0.248688 0.970405 0 0 0 0 
ZONE I=5
0.055 0.248688 0.970405 0 0 0 0 
0.05525 0.262649 0.945999 0 0 0 0 
0.0555 0.267011 0.937319 0 0 0 0 
0.05575 0.261775 0.944366 0 0 0 0 
0.056 0.246939 0.96714 0 0 0 0 
ZONE I=5
0.056 0.246939 0.96714 0 0 0 0 
0.05625 0.26094 0.942575 0 0 0 0 
0.0565 0.265293 0.933816 0 0 0 0 
0.05675 0.259998 0.940864 0 0 0 0 
0.057 0.245056 0.963717 0 0 0 0 
ZONE I=5
0.057 0.245056 0.963717 0 0 0 0 
0.05725 0.259099 0.93899 0 0 0 0 
0.0575 0.263445 0.930152 0 0 0 0 
0.05775 0.258094 0.937204 0 0 0 0 
0.058 0.243045 0.960146 0 0 0 0 
ZONE I=5
0.058 0.243045 0.960146 0 0 0 0 
0.05825 0.257133 0.935252 0 0 0 0 
0.0585 0.261475 0.926336 0 0 0 0 
0.05875 0.256069 0.933397 0 0 0 0 
0.059 0.240916 0.956435 0 0 0 0 
ZONE I=5
0.059 0.240916 0.956435 0 0 0 0 
0.05925 0.255052 0.931372 0 0 0 0 
0.0595 0.259391 0.922377 0 0 0 0 
0.05975 0.253933 0.929452 0 0 0 0 
0.06 0.238678 0.952595 0 0 0 0 
ZONE I=5
0.06 0.238678 0.952595 0 0 0 0 
0.06025 0.252865 0.927359 0 0 0 0 
0.0605 0.257205 0.918287 0 0 0 0 
0.06075 0.251697 0.92538 0 0 0 0 
0.061 0.23634 0.948637 0 0 0 0 
ZONE I=5
0.061 0.23634 0.948637 0 0 0 0 
0.06125 0.250582 0.923225 0 0 0 0 
0.0615 0.254925 0.914077 0 0 0 0 
0.06175 0.249369 0.921192 0 0 0 0 
0.062 0.233914 0.944571 0 0 0 0 
ZONE I=5
0.062 0.233914 0.944571 0 0 0 0 
0.06225 0.248213 0.918981 0 0 0 0 
0.0625 0.252562 0.909757 0 0 0 0 
0.06275 0.246961 0.9169 0 0 0 0 
0.063 0.231409 0.940409 0 0 0 0 
ZONE I=5
0.063 0.231409 0.940409 0 0 0 0 
0.06325 0.245769 0.914638 0 0 0 0 
0.0635 0.250127 0.905339 0 0 0 0 
0.06375 0.244484 0.912513 0 0 0 0 
0.064 0.228838 0.93616 0 0 0 0 
ZONE I=5
0.064 0.228838 0.93616 0 0 0 0 
0.06425 0.243263 0.910206 0 0 0 0 
0.0645 0.247633 0.900834 0 0 0 0 
0.06475 0.241949 0.908046 0 0 0 0 
0.065 0.226211 0.931841 0 0 0 0 
ZONE I=5
0.065 0.226211 0.931841 0 0 0 0 
0.06525 0.240704 0.905701 0 0 0 0 
0.0655 0.245089 0.896258 0 0 0 0 
0.06575 0.239368 0.903512 0 0 0 0 
0.066 0.223539 0.927462 0 0 0 0 
ZONE I=5
0.066 0.223539 0.927462 0 0 0 0 
0.06625 0.238104 0.901136 0 0 0 0 
0.0665 0.242508 0.891623 0 0 0 0 
0.06675 0.236752 0.898923 0 0 0 0 
0.067 0.220836 0.923037 0 0 0 0 
ZONE I=5
0.067 0.220836 0.923037 0 0 0 0 
0.06725 0.235476 0.896523 0 0 0 0 
0.0675 0.239902 0.886942 0 0 0 0 
0.06775 0.234114 0.894294 0 0 0 0 
0.068 0.218112 0.918579 0 0 0 0 
ZONE I=5
0.068 0.218112 0.918579 0 0 0 0 
0.06825 0.232832 0.891876 0 0 0 0 
0.0685 0.237283 0.882229 0 0 0 0 
0.06875 0.231466 0.889638 0 0 0 0 
0.069 0.21538 0.914102 0 0 0 0 
ZONE I=5
0.069 0.21538 0.914102 0 0 0 0 
0.06925 0.230184 0.88721 0 0 0 0 
0.0695 0.234663 0.8775 0 0 0 0 
0.06975 0.228819 0.884972 0 0 0 0 
0.07 0.21265 0.909626 0 0 0 0 
ZONE I=5
0.07 0.21265 0.909626 0 0 0 0 
0.07025 0.227547 0.882534 0 0 0 0 
0.0705 0.232057 0.872765 0 0 0 0 
0.07075 0.226179 0.88032 0 0 0 0 
0.071 0.209915 0.905198 0 0 0 0 
ZONE I=5
0.071 0.209915 0.905198 0 0 0 0 
0.07125 0.224954 0.877826 0 0 0 0 
0.0715 0.229486 0.86802 0 0 0 0 
0.07175 0.223513 0.875781 0 0 0 0 
0.072 0.207033 0.901108 0 0 0 0 
ZONE I=5
0.072 0.207033 0.901108 0 0 0 0 
0.07225 0.222217 0.87345 0 0 0 0 
0.0725 0.226881 0.863421 0 0 0 0 
0.07275 0.221024 0.871019 0 0 0 0 
0.073 0.204647 0.896244 0 0 0 0 
ZONE I=5
0.073 0.204647 0.896244 0 0 0 0 
0.07325 0.219811 0.868634 0 0 0 0 
0.0735 0.224433 0.858708 0 0 0 0 
0.07375 0.218512 0.866468 0 0 0 0 
0.074 0.20205 0.891913 0 0 0 0 
ZONE I=5
0.074 0.20205 0.891913 0 0 0 0 
0.07425 0.217324 0.864108 0 0 0 0 
0.0745 0.221996 0.854126 0 0 0 0 
0.07475 0.216064 0.861967 0 0 0 0 
0.075 0.199529 0.887631 0 0 0 0 
ZONE I=5
0.075 0.199529 0.887631 0 0 0 0 
0.07525 0.214911 0.85965 0 0 0 0 
0.0755 0.219631 0.849624 0 0 0 0 
0.07575 0.21369 0.857551 0 0 0 0 
0.076 0.197088 0.883433 0 0 0 0 
ZONE I=5
0.076 0.197088 0.883433 0 0 0 0 
0.07625 0.212577 0.855284 0 0 0 0 
0.0765 0.217348 0.845219 0 0 0 0 
0.07675 0.211401 0.853236 0 0 0 0 
0.077 0.194734 0.879337 0 0 0 0 
ZONE I=5
0.077 0.194734 0.879337 0 0 0 0 
0.07725 0.210324 0.851047 0 0 0 0 
0.0775 0.215148 0.840946 0 0 0 0 
0.07775 0.209209 0.849035 0 0 0 0 
0.078 0.192506 0.875313 0 0 0 0 
ZONE I=5
0.078 0.192506 0.875313 0 0 0 0 
0.07825 0.208211 0.84687 0 0 0 0 
0.0785 0.213087 0.836752 0 0 0 0 
0.07875 0.207132 0.84496 0 0 0 0 
0.079 0.190349 0.871492 0 0 0 0 
ZONE I=5
0.079 0.190349 0.871492 0 0 0 0 
0.07925 0.206178 0.842889 0 0 0 0 
0.0795 0.211117 0.832739 0 0 0 0 
0.07975 0.205165 0.841043 0 0 0 0 
0.08 0.188323 0.8678 0 0 0 0 
ZONE I=5
0.08 0.188323 0.8678 0 0 0 0 
0.08025 0.204271 0.83906 0 0 0 0 
0.0805 0.20927 0.828892 0 0 0 0 
0.08075 0.203322 0.837296 0 0 0 0 
0.081 0.186426 0.864271 0 0 0 0 
ZONE I=5
0.081 0.186426 0.864271 0 0 0 0 
0.08125 0.202492 0.835408 0 0 0 0 
0.0815 0.207555 0.825229 0 0 0 0 
0.08175 0.201613 0.833735 0 0 0 0 
0.082 0.184666 0.860924 0 0 0 0 
ZONE I=5
0.082 0.184666 0.860924 0 0 0 0 
0.08225 0.20085 0.831952 0 0 0 0 
0.0825 0.205976 0.821769 0 0 0 0 
0.08275 0.200042 0.830378 0 0 0 0 
0.083 0.18305 0.857776 0 0 0 0 
ZONE I=5
0.083 0.18305 0.857776 0 0 0 0 
0.08325 0.199351 0.828708 0 0 0 0 
0.0835 0.20454 0.81853 0 0 0 0 
0.08375 0.198617 0.827242 0 0 0 0 
0.084 0.181583 0.854843 0 0 0 0 
ZONE I=5
0.084 0.181583 0.854843 0 0 0 0 
0.08425 0.197998 0.825696 0 0 0 0 
0.0845 0.203251 0.81553 0 0 0 0 
0.08475 0.197342 0.824344 0 0 0 0 
0.085 0.180271 0.852138 0 0 0 0 
ZONE I=5
0.085 0.180271 0.852138 0 0 0 0 
0.08525 0.196795 0.822935 0 0 0 0 
0.0855 0.202113 0.812788 0 0 0 0 
0.08575 0.196224 0.821697 0 0 0 0 
0.086 0.179128 0.849664 0 0 0 0 
ZONE I=5
0.086 0.179128 0.849664 0 0 0 0 
0.08625 0.195705 0.820503 0 0 0 0 
0.0865 0.201066 0.810415 0 0 0 0 
0.08675 0.195212 0.819399 0 0 0 0 
0.087 0.178142 0.847456 0 0 0 0 
ZONE I=5
0.087 0.178142 0.847456 0 0 0 0 
0.08725 0.194868 0.818198 0 0 0 0 
0.0875 0.200303 0.80813 0 0 0 0 
0.08775 0.194447 0.817251 0 0 0 0 
0.088 0.177301 0.845563 0 0 0 0 
ZONE I=5
0.088 0.177301 0.845563 0 0 0 0 
0.08825 0.194131 0.816282 0 0 0 0 
0.0885 0.19963 0.806251 0 0 0 0 
0.08875 0.193799 0.815469 0 0 0 0 
0.089 0.176637 0.843936 0 0 0 0 
ZONE I=5
0.089 0.176637 0.843936 0 0 0 0 
0.08925 0.193554 0.814671 0 0 0 0 
0.0895 0.19911 0.804694 0 0 0 0 
0.08975 0.193305 0.814007 0 0 0 0 
0.09 0.176139 0.84261 0 0 0 0 
ZONE I=5
0.09 0.176139 0.84261 0 0 0 0 
0.09025 0.193133 0.813384 0 0 0 0 
0.0905 0.198741 0.803473 0 0 0 0 
0.09075 0.192966 0.812878 0 0 0 0 
0.091 0.175805 0.841599 0 0 0 0 
ZONE I=5
0.091 0.175805 0.841599 0 0 0 0 
0.09125 0.192862 0.812436 0 0 0 0 
0.0915 0.198519 0.802601 0 0 0 0 
0.09175 0.192776 0.812094 0 0 0 0 
0.092 0.175632 0.840915 0 0 0 0 
ZONE I=5
0.092 0.175632 0.840915 0 0 0 0 
0.09225 0.19274 0.811839 0 0 0 0 
0.0925 0.19844 0.80209 0 0 0 0 
0.09275 0.192732 0.811666 0 0 0 0 
0.093 0.175616 0.840569 0 0 0 0 
ZONE I=5
0.093 0.175616 0.840569 0 0 0 0 
0.09325 0.192759 0.811605 0 0 0 0 
0.0935 0.198496 0.801951 0 0 0 0 
0.09375 0.192827 0.811607 0 0 0 0 
0.094 0.175751 0.840573 0 0 0 0 
ZONE I=5
0.094 0.175751 0.840573 0 0 0 0 
0.09425 0.192915 0.811743 0 0 0 0 
0.0945 0.198683 0.802195 0 0 0 0 
0.09475 0.193054 0.811927 0 0 0 0 
0.095 0.17603 0.84094 0 0 0 0 
ZONE I=5
0.095 0.17603 0.84094 0 0 0 0 
0.09525 0.193203 0.812256 0 0 0 0 
0.0955 0.198993 0.802824 0 0 0 0 
0.09575 0.1934 0.812645 0 0 0 0 
0.096 0.176424 0.841718 0 0 0 0 
ZONE I=5
0.096 0.176424 0.841718 0 0 0 0 
0.09625 0.193639 0.813106 0 0 0 0 
0.0965 0.199436 0.803813 0 0 0 0 
0.09675 0.193815 0.813839 0 0 0 0 
0.097 0.176777 0.843185 0 0 0 0 
ZONE I=5
0.097 0.176777 0.843185 0 0 0 0 
0.09725 0.194384 0.81397 0 0 0 0 
0.0975 0.20012 0.804932 0 0 0 0 
0.09775 0.193984 0.816071 0 0 0 0 
0.098 0.175977 0.847387 0 0 0 0 
ZONE I=5
0.098 0.175977 0.847387 0 0 0 0 
0.09825 0.196466 0.812661 0 0 0 0 
0.0985 0.201821 0.80452 0 0 0 0 
0.09875 0.192041 0.822964 0 0 0 0 
0.099 0.167126 0.867992 0 0 0 0 
ZONE I=5
0.099 0.167126 0.867992 0 0 0 0 
0.09925 0.203879 0.79373 0 0 0 0 
0.0995 0.207971 0.790977 0 0 0 0 
0.09975 0.179401 0.859734 0 0 0 0 
0.1 0.118169 1 0 0 0 0 
