ZONE I=5
0 0.211726 1 0 0 0 0 
0.00025 0.211857 1 0 0 0 0 
0.0005 0.211992 1 0 0 0 0 
0.00075 0.212132 1 0 0 0 0 
0.001 0.212276 1 0 0 0 0 
ZONE I=5
0.001 0.212276 1 0 0 0 0 
0.00125 0.212425 1 0 0 0 0 
0.0015 0.212578 1 0 0 0 0 
0.00175 0.212735 1 0 0 0 0 
0.002 0.212896 1 0 0 0 0 
ZONE I=5
0.002 0.212896 1 0 0 0 0 
0.00225 0.213062 1 0 0 0 0 
0.0025 0.213232 1 0 0 0 0 
0.00275 0.213407 1 0 0 0 0 
0.003 0.213585 1 0 0 0 0 
ZONE I=5
0.003 0.213585 1 0 0 0 0 
0.00325 0.213767 1 0 0 0 0 
0.0035 0.213954 1 0 0 0 0 
0.00375 0.214144 1 0 0 0 0 
0.004 0.214339 1 0 0 0 0 
ZONE I=5
0.004 0.214339 1 0 0 0 0 
0.00425 0.214537 1 0 0 0 0 
0.0045 0.214739 1 0 0 0 0 
0.00475 0.214945 1 0 0 0 0 
0.005 0.215155 1 0 0 0 0 
ZONE I=5
0.005 0.215155 1 0 0 0 0 
0.00525 0.215368 1 0 0 0 0 
0.0055 0.215585 1 0 0 0 0 
0.00575 0.215805 1 0 0 0 0 
0.006 0.21603 1 0 0 0 0 
ZONE I=5
0.006 0.21603 1 0 0 0 0 
0.00625 0.216257 1 0 0 0 0 
0.0065 0.216488 1 0 0 0 0 
0.00675 0.216722 1 0 0 0 0 
0.007 0.21696 1 0 0 0 0 
ZONE I=5
0.007 0.21696 1 0 0 0 0 
0.00725 0.217201 1 0 0 0 0 
0.0075 0.217445 1 0 0 0 0 
0.00775 0.217692 1 0 0 0 0 
0.008 0.217943 1 0 0 0 0 
ZONE I=5
0.008 0.217943 1 0 0 0 0 
0.00825 0.218196 1 0 0 0 0 
0.0085 0.218452 1 0 0 0 0 
0.00875 0.218711 1 0 0 0 0 
0.009 0.218973 1 0 0 0 0 
ZONE I=5
0.009 0.218973 1 0 0 0 0 
0.00925 0.219238 1 0 0 0 0 
0.0095 0.219505 1 0 0 0 0 
0.00975 0.219775 1 0 0 0 0 
0.01 0.220048 1 0 0 0 0 
ZONE I=5
0.01 0.220048 1 0 0 0 0 
0.01025 0.220323 1 0 0 0 0 
0.0105 0.2206 1 0 0 0 0 
0.01075 0.22088 1 0 0 0 0 
0.011 0.221162 1 0 0 0 0 
ZONE I=5
0.011 0.221162 1 0 0 0 0 
0.01125 0.221447 1 0 0 0 0 
0.0115 0.221733 1 0 0 0 0 
0.01175 0.222021 1 0 0 0 0 
0.012 0.222312 1 0 0 0 0 
ZONE I=5
0.012 0.222312 1 0 0 0 0 
0.01225 0.222604 1 0 0 0 0 
0.0125 0.222899 1 0 0 0 0 
0.01275 0.223195 1 0 0 0 0 
0.013 0.223492 1 0 0 0 0 
ZONE I=5
0.013 0.223492 1 0 0 0 0 
0.01325 0.223792 1 0 0 0 0 
0.0135 0.224093 1 0 0 0 0 
0.01375 0.224395 1 0 0 0 0 
0.014 0.224699 1 0 0 0 0 
ZONE I=5
0.014 0.224699 1 0 0 0 0 
0.01425 0.225004 1 0 0 0 0 
0.0145 0.22531 1 0 0 0 0 
0.01475 0.225618 1 0 0 0 0 
0.015 0.225927 1 0 0 0 0 
ZONE I=5
0.015 0.225927 1 0 0 0 0 
0.01525 0.226237 1 0 0 0 0 
0.0155 0.226547 1 0 0 0 0 
0.01575 0.226859 1 0 0 0 0 
0.016 0.227171 1 0 0 0 0 
ZONE I=5
0.016 0.227171 1 0 0 0 0 
0.01625 0.227484 1 0 0 0 0 
0.0165 0.227798 1 0 0 0 0 
0.01675 0.228112 1 0 0 0 0 
0.017 0.228427 1 0 0 0 0 
ZONE I=5
0.017 0.228427 1 0 0 0 0 
0.01725 0.228743 1 0 0 0 0 
0.0175 0.229058 1 0 0 0 0 
0.01775 0.229374 1 0 0 0 0 
0.018 0.22969 1 0 0 0 0 
ZONE I=5
0.018 0.22969 1 0 0 0 0 
0.01825 0.230006 1 0 0 0 0 
0.0185 0.230322 1 0 0 0 0 
0.01875 0.230638 1 0 0 0 0 
0.019 0.230954 1 0 0 0 0 
ZONE I=5
0.019 0.230954 1 0 0 0 0 
0.01925 0.23127 1 0 0 0 0 
0.0195 0.231585 1 0 0 0 0 
0.01975 0.2319 1 0 0 0 0 
0.02 0.232215 1 0 0 0 0 
ZONE I=5
0.02 0.232215 1 0 0 0 0 
0.02025 0.232529 1 0 0 0 0 
0.0205 0.232843 1 0 0 0 0 
0.02075 0.233156 1 0 0 0 0 
0.021 0.233468 1 0 0 0 0 
ZONE I=5
0.021 0.233468 1 0 0 0 0 
0.02125 0.233779 1 0 0 0 0 
0.0215 0.23409 1 0 0 0 0 
0.02175 0.234399 1 0 0 0 0 
0.022 0.234707 1 0 0 0 0 
ZONE I=5
0.022 0.234707 1 0 0 0 0 
0.02225 0.235015 1 0 0 0 0 
0.0225 0.235321 1 0 0 0 0 
0.02275 0.235625 1 0 0 0 0 
0.023 0.235929 1 0 0 0 0 
ZONE I=5
0.023 0.235929 1 0 0 0 0 
0.02325 0.236231 1 0 0 0 0 
0.0235 0.236531 1 0 0 0 0 
0.02375 0.23683 1 0 0 0 0 
0.024 0.237127 1 0 0 0 0 
ZONE I=5
0.024 0.237127 1 0 0 0 0 
0.02425 0.237423 1 0 0 0 0 
0.0245 0.237716 1 0 0 0 0 
0.02475 0.238008 1 0 0 0 0 
0.025 0.238298 1 0 0 0 0 
ZONE I=5
0.025 0.238298 1 0 0 0 0 
0.02525 0.238586 1 0 0 0 0 
0.0255 0.238871 1 0 0 0 0 
0.02575 0.239155 1 0 0 0 0 
0.026 0.239436 1 0 0 0 0 
ZONE I=5
0.026 0.239436 1 0 0 0 0 
0.02625 0.239715 1 0 0 0 0 
0.0265 0.239992 1 0 0 0 0 
0.02675 0.240266 1 0 0 0 0 
0.027 0.240538 1 0 0 0 0 
ZONE I=5
0.027 0.240538 1 0 0 0 0 
0.02725 0.240807 1 0 0 0 0 
0.0275 0.241074 1 0 0 0 0 
0.02775 0.241337 1 0 0 0 0 
0.028 0.241598 1 0 0 0 0 
ZONE I=5
0.028 0.241598 1 0 0 0 0 
0.02825 0.241857 1 0 0 0 0 
0.0285 0.242112 1 0 0 0 0 
0.02875 0.242364 1 0 0 0 0 
0.029 0.242614 1 0 0 0 0 
ZONE I=5
0.029 0.242614 1 0 0 0 0 
0.02925 0.24286 1 0 0 0 0 
0.0295 0.243103 1 0 0 0 0 
0.02975 0.243343 1 0 0 0 0 
0.03 0.24358 1 0 0 0 0 
ZONE I=5
0.03 0.24358 1 0 0 0 0 
0.03025 0.243813 1 0 0 0 0 
0.0305 0.244043 1 0 0 0 0 
0.03075 0.244269 1 0 0 0 0 
0.031 0.244493 1 0 0 0 0 
ZONE I=5
0.031 0.244493 1 0 0 0 0 
0.03125 0.244712 1 0 0 0 0 
0.0315 0.244928 1 0 0 0 0 
0.03175 0.24514 1 0 0 0 0 
0.032 0.245349 1 0 0 0 0 
ZONE I=5
0.032 0.245349 1 0 0 0 0 
0.03225 0.245554 1 0 0 0 0 
0.0325 0.245755 1 0 0 0 0 
0.03275 0.245952 1 0 0 0 0 
0.033 0.246145 1 0 0 0 0 
ZONE I=5
0.033 0.246145 1 0 0 0 0 
0.03325 0.246334 1 0 0 0 0 
0.0335 0.246519 1 0 0 0 0 
0.03375 0.246701 1 0 0 0 0 
0.034 0.246878 1 0 0 0 0 
ZONE I=5
0.034 0.246878 1 0 0 0 0 
0.03425 0.247051 1 0 0 0 0 
0.0345 0.24722 1 0 0 0 0 
0.03475 0.247384 1 0 0 0 0 
0.035 0.247544 1 0 0 0 0 
ZONE I=5
0.035 0.247544 1 0 0 0 0 
0.03525 0.247701 1 0 0 0 0 
0.0355 0.247852 1 0 0 0 0 
0.03575 0.248 1 0 0 0 0 
0.036 0.248143 1 0 0 0 0 
ZONE I=5
0.036 0.248143 1 0 0 0 0 
0.03625 0.248281 1 0 0 0 0 
0.0365 0.248415 1 0 0 0 0 
0.03675 0.248544 1 0 0 0 0 
0.037 0.248669 1 0 0 0 0 
ZONE I=5
0.037 0.248669 1 0 0 0 0 
0.03725 0.24879 1 0 0 0 0 
0.0375 0.248906 1 0 0 0 0 
0.03775 0.249017 1 0 0 0 0 
0.038 0.249123 1 0 0 0 0 
ZONE I=5
0.038 0.249123 1 0 0 0 0 
0.03825 0.249225 1 0 0 0 0 
0.0385 0.249322 1 0 0 0 0 
0.03875 0.249414 1 0 0 0 0 
0.039 0.249502 1 0 0 0 0 
ZONE I=5
0.039 0.249502 1 0 0 0 0 
0.03925 0.249585 1 0 0 0 0 
0.0395 0.249663 1 0 0 0 0 
0.03975 0.249736 1 0 0 0 0 
0.04 0.249804 1 0 0 0 0 
ZONE I=5
0.04 0.249804 1 0 0 0 0 
0.04025 0.249868 1 0 0 0 0 
0.0405 0.249926 1 0 0 0 0 
0.04075 0.24998 1 0 0 0 0 
0.041 0.250029 1 0 0 0 0 
ZONE I=5
0.041 0.250029 1 0 0 0 0 
0.04125 0.250073 1 0 0 0 0 
0.0415 0.250112 1 0 0 0 0 
0.04175 0.250146 1 0 0 0 0 
0.042 0.250175 1 0 0 0 0 
ZONE I=5
0.042 0.250175 1 0 0 0 0 
0.04225 0.250199 1 0 0 0 0 
0.0425 0.250218 1 0 0 0 0 
0.04275 0.250232 1 0 0 0 0 
0.043 0.250242 1 0 0 0 0 
ZONE I=5
0.043 0.250242 1 0 0 0 0 
0.04325 0.250246 1 0 0 0 0 
0.0435 0.250245 1 0 0 0 0 
0.04375 0.25024 1 0 0 0 0 
0.044 0.250229 1 0 0 0 0 
ZONE I=5
0.044 0.250229 1 0 0 0 0 
0.04425 0.250214 1 0 0 0 0 
0.0445 0.250193 1 0 0 0 0 
0.04475 0.250168 1 0 0 0 0 
0.045 0.250137 1 0 0 0 0 
ZONE I=5
0.045 0.250137 1 0 0 0 0 
0.04525 0.250102 1 0 0 0 0 
0.0455 0.250062 1 0 0 0 0 
0.04575 0.250017 1 0 0 0 0 
0.046 0.249966 1 0 0 0 0 
ZONE I=5
0.046 0.249966 1 0 0 0 0 
0.04625 0.249911 1 0 0 0 0 
0.0465 0.249852 1 0 0 0 0 
0.04675 0.249787 1 0 0 0 0 
0.047 0.249717 1 0 0 0 0 
ZONE I=5
0.047 0.249717 1 0 0 0 0 
0.04725 0.249643 1 0 0 0 0 
0.0475 0.249564 1 0 0 0 0 
0.04775 0.24948 1 0 0 0 0 
0.048 0.249391 1 0 0 0 0 
ZONE I=5
0.048 0.249391 1 0 0 0 0 
0.04825 0.249297 1 0 0 0 0 
0.0485 0.249199 1 0 0 0 0 
0.04875 0.249096 1 0 0 0 0 
0.049 0.248988 1 0 0 0 0 
ZONE I=5
0.049 0.248988 1 0 0 0 0 
0.04925 0.248876 1 0 0 0 0 
0.0495 0.248759 1 0 0 0 0 
0.04975 0.248637 1 0 0 0 0 
0.05 0.248511 1 0 0 0 0 
ZONE I=5
0.05 0.248511 1 0 0 0 0 
0.05025 0.24838 1 0 0 0 0 
0.0505 0.248245 1 0 0 0 0 
0.05075 0.248106 1 0 0 0 0 
0.051 0.247961 1 0 0 0 0 
ZONE I=5
0.051 0.247961 1 0 0 0 0 
0.05125 0.247813 1 0 0 0 0 
0.0515 0.24766 1 0 0 0 0 
0.05175 0.247503 1 0 0 0 0 
0.052 0.247341 1 0 0 0 0 
ZONE I=5
0.052 0.247341 1 0 0 0 0 
0.05225 0.247176 1 0 0 0 0 
0.0525 0.247006 1 0 0 0 0 
0.05275 0.246832 1 0 0 0 0 
0.053 0.246653 1 0 0 0 0 
ZONE I=5
0.053 0.246653 1 0 0 0 0 
0.05325 0.246471 1 0 0 0 0 
0.0535 0.246285 1 0 0 0 0 
0.05375 0.246094 1 0 0 0 0 
0.054 0.2459 1 0 0 0 0 
ZONE I=5
0.054 0.2459 1 0 0 0 0 
0.05425 0.245702 1 0 0 0 0 
0.0545 0.2455 1 0 0 0 0 
0.05475 0.245294 1 0 0 0 0 
0.055 0.245084 1 0 0 0 0 
ZONE I=5
0.055 0.245084 1 0 0 0 0 
0.05525 0.244871 1 0 0 0 0 
0.0555 0.244654 1 0 0 0 0 
0.05575 0.244434 1 0 0 0 0 
0.056 0.24421 1 0 0 0 0 
ZONE I=5
0.056 0.24421 1 0 0 0 0 
0.05625 0.243982 1 0 0 0 0 
0.0565 0.243751 1 0 0 0 0 
0.05675 0.243517 1 0 0 0 0 
0.057 0.24328 1 0 0 0 0 
ZONE I=5
0.057 0.24328 1 0 0 0 0 
0.05725 0.243039 1 0 0 0 0 
0.0575 0.242795 1 0 0 0 0 
0.05775 0.242548 1 0 0 0 0 
0.058 0.242298 1 0 0 0 0 
ZONE I=5
0.058 0.242298 1 0 0 0 0 
0.05825 0.242044 1 0 0 0 0 
0.0585 0.241788 1 0 0 0 0 
0.05875 0.241529 1 0 0 0 0 
0.059 0.241267 1 0 0 0 0 
ZONE I=5
0.059 0.241267 1 0 0 0 0 
0.05925 0.241003 1 0 0 0 0 
0.0595 0.240736 1 0 0 0 0 
0.05975 0.240466 1 0 0 0 0 
0.06 0.240193 1 0 0 0 0 
ZONE I=5
0.06 0.240193 1 0 0 0 0 
0.06025 0.239918 1 0 0 0 0 
0.0605 0.239641 1 0 0 0 0 
0.06075 0.239361 1 0 0 0 0 
0.061 0.239079 1 0 0 0 0 
ZONE I=5
0.061 0.239079 1 0 0 0 0 
0.06125 0.238795 1 0 0 0 0 
0.0615 0.238509 1 0 0 0 0 
0.06175 0.238221 1 0 0 0 0 
0.062 0.23793 1 0 0 0 0 
ZONE I=5
0.062 0.23793 1 0 0 0 0 
0.06225 0.237638 1 0 0 0 0 
0.0625 0.237344 1 0 0 0 0 
0.06275 0.237048 1 0 0 0 0 
0.063 0.23675 1 0 0 0 0 
ZONE I=5
0.063 0.23675 1 0 0 0 0 
0.06325 0.236451 1 0 0 0 0 
0.0635 0.23615 1 0 0 0 0 
0.06375 0.235848 1 0 0 0 0 
0.064 0.235544 1 0 0 0 0 
ZONE I=5
0.064 0.235544 1 0 0 0 0 
0.06425 0.235239 1 0 0 0 0 
0.0645 0.234932 1 0 0 0 0 
0.06475 0.234625 1 0 0 0 0 
0.065 0.234316 1 0 0 0 0 
ZONE I=5
0.065 0.234316 1 0 0 0 0 
0.06525 0.234007 1 0 0 0 0 
0.0655 0.233696 1 0 0 0 0 
0.06575 0.233384 1 0 0 0 0 
0.066 0.233072 1 0 0 0 0 
ZONE I=5
0.066 0.233072 1 0 0 0 0 
0.06625 0.232759 1 0 0 0 0 
0.0665 0.232445 1 0 0 0 0 
0.06675 0.232131 1 0 0 0 0 
0.067 0.231816 1 0 0 0 0 
ZONE I=5
0.067 0.231816 1 0 0 0 0 
0.06725 0.231501 1 0 0 0 0 
0.0675 0.231185 1 0 0 0 0 
0.06775 0.23087 1 0 0 0 0 
0.068 0.230554 1 0 0 0 0 
ZONE I=5
0.068 0.230554 1 0 0 0 0 
0.06825 0.230238 1 0 0 0 0 
0.0685 0.229921 1 0 0 0 0 
0.06875 0.229605 1 0 0 0 0 
0.069 0.229289 1 0 0 0 0 
ZONE I=5
0.069 0.229289 1 0 0 0 0 
0.06925 0.228974 1 0 0 0 0 
0.0695 0.228658 1 0 0 0 0 
0.06975 0.228343 1 0 0 0 0 
0.07 0.228028 1 0 0 0 0 
ZONE I=5
0.07 0.228028 1 0 0 0 0 
0.07025 0.227714 1 0 0 0 0 
0.0705 0.227401 1 0 0 0 0 
0.07075 0.227088 1 0 0 0 0 
0.071 0.226776 1 0 0 0 0 
ZONE I=5
0.071 0.226776 1 0 0 0 0 
0.07125 0.226464 1 0 0 0 0 
0.0715 0.226154 1 0 0 0 0 
0.07175 0.225845 1 0 0 0 0 
0.072 0.225536 1 0 0 0 0 
ZONE I=5
0.072 0.225536 1 0 0 0 0 
0.07225 0.225229 1 0 0 0 0 
0.0725 0.224923 1 0 0 0 0 
0.07275 0.224618 1 0 0 0 0 
0.073 0.224315 1 0 0 0 0 
ZONE I=5
0.073 0.224315 1 0 0 0 0 
0.07325 0.224013 1 0 0 0 0 
0.0735 0.223712 1 0 0 0 0 
0.07375 0.223413 1 0 0 0 0 
0.074 0.223116 1 0 0 0 0 
ZONE I=5
0.074 0.223116 1 0 0 0 0 
0.07425 0.22282 1 0 0 0 0 
0.0745 0.222527 1 0 0 0 0 
0.07475 0.222235 1 0 0 0 0 
0.075 0.221945 1 0 0 0 0 
ZONE I=5
0.075 0.221945 1 0 0 0 0 
0.07525 0.221657 1 0 0 0 0 
0.0755 0.221371 1 0 0 0 0 
0.07575 0.221088 1 0 0 0 0 
0.076 0.220806 1 0 0 0 0 
ZONE I=5
0.076 0.220806 1 0 0 0 0 
0.07625 0.220527 1 0 0 0 0 
0.0765 0.22025 1 0 0 0 0 
0.07675 0.219976 1 0 0 0 0 
0.077 0.219704 1 0 0 0 0 
ZONE I=5
0.077 0.219704 1 0 0 0 0 
0.07725 0.219435 1 0 0 0 0 
0.0775 0.219168 1 0 0 0 0 
0.07775 0.218904 1 0 0 0 0 
0.078 0.218643 1 0 0 0 0 
ZONE I=5
0.078 0.218643 1 0 0 0 0 
0.07825 0.218385 1 0 0 0 0 
0.0785 0.218129 1 0 0 0 0 
0.07875 0.217877 1 0 0 0 0 
0.079 0.217627 1 0 0 0 0 
ZONE I=5
0.079 0.217627 1 0 0 0 0 
0.07925 0.217381 1 0 0 0 0 
0.0795 0.217138 1 0 0 0 0 
0.07975 0.216898 1 0 0 0 0 
0.08 0.216661 1 0 0 0 0 
ZONE I=5
0.08 0.216661 1 0 0 0 0 
0.08025 0.216427 1 0 0 0 0 
0.0805 0.216197 1 0 0 0 0 
0.08075 0.215971 1 0 0 0 0 
0.081 0.215747 1 0 0 0 0 
ZONE I=5
0.081 0.215747 1 0 0 0 0 
0.08125 0.215528 1 0 0 0 0 
0.0815 0.215312 1 0 0 0 0 
0.08175 0.215099 1 0 0 0 0 
0.082 0.214891 1 0 0 0 0 
ZONE I=5
0.082 0.214891 1 0 0 0 0 
0.08225 0.214686 1 0 0 0 0 
0.0825 0.214485 1 0 0 0 0 
0.08275 0.214287 1 0 0 0 0 
0.083 0.214094 1 0 0 0 0 
ZONE I=5
0.083 0.214094 1 0 0 0 0 
0.08325 0.213905 1 0 0 0 0 
0.0835 0.213719 1 0 0 0 0 
0.08375 0.213538 1 0 0 0 0 
0.084 0.213361 1 0 0 0 0 
ZONE I=5
0.084 0.213361 1 0 0 0 0 
0.08425 0.213188 1 0 0 0 0 
0.0845 0.213019 1 0 0 0 0 
0.08475 0.212854 1 0 0 0 0 
0.085 0.212694 1 0 0 0 0 
ZONE I=5
0.085 0.212694 1 0 0 0 0 
0.08525 0.212537 1 0 0 0 0 
0.0855 0.212386 1 0 0 0 0 
0.08575 0.212238 1 0 0 0 0 
0.086 0.212095 1 0 0 0 0 
ZONE I=5
0.086 0.212095 1 0 0 0 0 
0.08625 0.211956 1 0 0 0 0 
0.0865 0.211822 1 0 0 0 0 
0.08675 0.211693 1 0 0 0 0 
0.087 0.211568 1 0 0 0 0 
ZONE I=5
0.087 0.211568 1 0 0 0 0 
0.08725 0.211447 1 0 0 0 0 
0.0875 0.211331 1 0 0 0 0 
0.08775 0.21122 1 0 0 0 0 
0.088 0.211114 1 0 0 0 0 
ZONE I=5
0.088 0.211114 1 0 0 0 0 
0.08825 0.211012 1 0 0 0 0 
0.0885 0.210915 1 0 0 0 0 
0.08875 0.210822 1 0 0 0 0 
0.089 0.210735 1 0 0 0 0 
ZONE I=5
0.089 0.210735 1 0 0 0 0 
0.08925 0.210652 1 0 0 0 0 
0.0895 0.210574 1 0 0 0 0 
0.08975 0.210501 1 0 0 0 0 
0.09 0.210432 1 0 0 0 0 
ZONE I=5
0.09 0.210432 1 0 0 0 0 
0.09025 0.210369 1 0 0 0 0 
0.0905 0.21031 1 0 0 0 0 
0.09075 0.210256 1 0 0 0 0 
0.091 0.210207 1 0 0 0 0 
ZONE I=5
0.091 0.210207 1 0 0 0 0 
0.09125 0.210164 1 0 0 0 0 
0.0915 0.210125 1 0 0 0 0 
0.09175 0.21009 1 0 0 0 0 
0.092 0.210061 1 0 0 0 0 
ZONE I=5
0.092 0.210061 1 0 0 0 0 
0.09225 0.210037 1 0 0 0 0 
0.0925 0.210018 1 0 0 0 0 
0.09275 0.210004 1 0 0 0 0 
0.093 0.209994 1 0 0 0 0 
ZONE I=5
0.093 0.209994 1 0 0 0 0 
0.09325 0.20999 1 0 0 0 0 
0.0935 0.209991 1 0 0 0 0 
0.09375 0.209996 1 0 0 0 0 
0.094 0.210007 1 0 0 0 0 
ZONE I=5
0.094 0.210007 1 0 0 0 0 
0.09425 0.210022 1 0 0 0 0 
0.0945 0.210043 1 0 0 0 0 
0.09475 0.210068 1 0 0 0 0 
0.095 0.210099 1 0 0 0 0 
ZONE I=5
0.095 0.210099 1 0 0 0 0 
0.09525 0.210134 1 0 0 0 0 
0.0955 0.210174 1 0 0 0 0 
0.09575 0.21022 1 0 0 0 0 
0.096 0.21027 1 0 0 0 0 
ZONE I=5
0.096 0.21027 1 0 0 0 0 
0.09625 0.210325 1 0 0 0 0 
0.0965 0.210385 1 0 0 0 0 
0.09675 0.210449 1 0 0 0 0 
0.097 0.210519 1 0 0 0 0 
ZONE I=5
0.097 0.210519 1 0 0 0 0 
0.09725 0.210594 1 0 0 0 0 
0.0975 0.210673 1 0 0 0 0 
0.09775 0.210757 1 0 0 0 0 
0.098 0.210846 1 0 0 0 0 
ZONE I=5
0.098 0.210846 1 0 0 0 0 
0.09825 0.21094 1 0 0 0 0 
0.0985 0.211038 1 0 0 0 0 
0.09875 0.211141 1 0 0 0 0 
0.099 0.211249 1 0 0 0 0 
ZONE I=5
0.099 0.211249 1 0 0 0 0 
0.09925 0.211361 1 0 0 0 0 
0.0995 0.211478 1 0 0 0 0 
0.09975 0.2116 1 0 0 0 0 
0.1 0.211726 1 0 0 0 0 
