ZONE I=5
0 0.0793271 1 0 0 0 0 
0.00025 0.0966886 0.922432 0 0 0 0 
0.0005 0.104894 0.884875 0 0 0 0 
0.00075 0.103943 0.887331 0 0 0 0 
0.001 0.0938366 0.929799 0 0 0 0 
ZONE I=5
0.001 0.0938366 0.929799 0 0 0 0 
0.00125 0.100511 0.903709 0 0 0 0 
0.0015 0.103146 0.893323 0 0 0 0 
0.00175 0.101742 0.898643 0 0 0 0 
0.002 0.0963 0.919668 0 0 0 0 
ZONE I=5
0.002 0.0963 0.919668 0 0 0 0 
0.00225 0.101164 0.901029 0 0 0 0 
0.0025 0.102846 0.894575 0 0 0 0 
0.00275 0.101344 0.900306 0 0 0 0 
0.003 0.0966594 0.918222 0 0 0 0 
ZONE I=5
0.003 0.0966594 0.918222 0 0 0 0 
0.00325 0.101271 0.900602 0 0 0 0 
0.0035 0.102813 0.894707 0 0 0 0 
0.00375 0.101286 0.900537 0 0 0 0 
0.004 0.09669 0.918093 0 0 0 0 
ZONE I=5
0.004 0.09669 0.918093 0 0 0 0 
0.00425 0.101289 0.900524 0 0 0 0 
0.0045 0.102819 0.894677 0 0 0 0 
0.00475 0.101281 0.900551 0 0 0 0 
0.005 0.0966744 0.918146 0 0 0 0 
ZONE I=5
0.005 0.0966744 0.918146 0 0 0 0 
0.00525 0.101292 0.900501 0 0 0 0 
0.0055 0.102828 0.894631 0 0 0 0 
0.00575 0.101282 0.900535 0 0 0 0 
0.006 0.0966545 0.918214 0 0 0 0 
ZONE I=5
0.006 0.0966545 0.918214 0 0 0 0 
0.00625 0.101293 0.900487 0 0 0 0 
0.0065 0.102837 0.894588 0 0 0 0 
0.00675 0.101284 0.900517 0 0 0 0 
0.007 0.0966359 0.918275 0 0 0 0 
ZONE I=5
0.007 0.0966359 0.918275 0 0 0 0 
0.00725 0.101294 0.900474 0 0 0 0 
0.0075 0.102843 0.894549 0 0 0 0 
0.00775 0.101285 0.9005 0 0 0 0 
0.008 0.0966189 0.918328 0 0 0 0 
ZONE I=5
0.008 0.0966189 0.918328 0 0 0 0 
0.00825 0.101293 0.900461 0 0 0 0 
0.0085 0.102848 0.894513 0 0 0 0 
0.00875 0.101285 0.900484 0 0 0 0 
0.009 0.096603 0.918374 0 0 0 0 
ZONE I=5
0.009 0.096603 0.918374 0 0 0 0 
0.00925 0.101291 0.900449 0 0 0 0 
0.0095 0.102852 0.894481 0 0 0 0 
0.00975 0.101284 0.900469 0 0 0 0 
0.01 0.0965879 0.918414 0 0 0 0 
ZONE I=5
0.01 0.0965879 0.918414 0 0 0 0 
0.01025 0.101289 0.900437 0 0 0 0 
0.0105 0.102854 0.894451 0 0 0 0 
0.01075 0.101282 0.900455 0 0 0 0 
0.011 0.0965732 0.91845 0 0 0 0 
ZONE I=5
0.011 0.0965732 0.91845 0 0 0 0 
0.01125 0.101286 0.900426 0 0 0 0 
0.0115 0.102855 0.894423 0 0 0 0 
0.01175 0.101279 0.900442 0 0 0 0 
0.012 0.0965587 0.918483 0 0 0 0 
ZONE I=5
0.012 0.0965587 0.918483 0 0 0 0 
0.01225 0.101283 0.900415 0 0 0 0 
0.0125 0.102855 0.894397 0 0 0 0 
0.01275 0.101275 0.90043 0 0 0 0 
0.013 0.0965443 0.918512 0 0 0 0 
ZONE I=5
0.013 0.0965443 0.918512 0 0 0 0 
0.01325 0.101278 0.900404 0 0 0 0 
0.0135 0.102853 0.894373 0 0 0 0 
0.01375 0.101271 0.900418 0 0 0 0 
0.014 0.0965298 0.918539 0 0 0 0 
ZONE I=5
0.014 0.0965298 0.918539 0 0 0 0 
0.01425 0.101273 0.900394 0 0 0 0 
0.0145 0.102851 0.894349 0 0 0 0 
0.01475 0.101265 0.900406 0 0 0 0 
0.015 0.0965151 0.918564 0 0 0 0 
ZONE I=5
0.015 0.0965151 0.918564 0 0 0 0 
0.01525 0.101266 0.900383 0 0 0 0 
0.0155 0.102848 0.894327 0 0 0 0 
0.01575 0.101259 0.900395 0 0 0 0 
0.016 0.0965002 0.918587 0 0 0 0 
ZONE I=5
0.016 0.0965002 0.918587 0 0 0 0 
0.01625 0.101259 0.900374 0 0 0 0 
0.0165 0.102843 0.894306 0 0 0 0 
0.01675 0.101252 0.900384 0 0 0 0 
0.017 0.096485 0.918608 0 0 0 0 
ZONE I=5
0.017 0.096485 0.918608 0 0 0 0 
0.01725 0.101251 0.900364 0 0 0 0 
0.0175 0.102838 0.894286 0 0 0 0 
0.01775 0.101244 0.900374 0 0 0 0 
0.018 0.0964695 0.918628 0 0 0 0 
ZONE I=5
0.018 0.0964695 0.918628 0 0 0 0 
0.01825 0.101243 0.900355 0 0 0 0 
0.0185 0.102831 0.894267 0 0 0 0 
0.01875 0.101235 0.900364 0 0 0 0 
0.019 0.0964537 0.918647 0 0 0 0 
ZONE I=5
0.019 0.0964537 0.918647 0 0 0 0 
0.01925 0.101233 0.900346 0 0 0 0 
0.0195 0.102824 0.894248 0 0 0 0 
0.01975 0.101225 0.900355 0 0 0 0 
0.02 0.0964375 0.918665 0 0 0 0 
ZONE I=5
0.02 0.0964375 0.918665 0 0 0 0 
0.02025 0.101223 0.900337 0 0 0 0 
0.0205 0.102816 0.894231 0 0 0 0 
0.02075 0.101215 0.900346 0 0 0 0 
0.021 0.0964209 0.918681 0 0 0 0 
ZONE I=5
0.021 0.0964209 0.918681 0 0 0 0 
0.02125 0.101212 0.900329 0 0 0 0 
0.0215 0.102807 0.894214 0 0 0 0 
0.02175 0.101204 0.900337 0 0 0 0 
0.022 0.0964041 0.918697 0 0 0 0 
ZONE I=5
0.022 0.0964041 0.918697 0 0 0 0 
0.02225 0.101201 0.900321 0 0 0 0 
0.0225 0.102797 0.894198 0 0 0 0 
0.02275 0.101192 0.900328 0 0 0 0 
0.023 0.096387 0.918712 0 0 0 0 
ZONE I=5
0.023 0.096387 0.918712 0 0 0 0 
0.02325 0.101189 0.900313 0 0 0 0 
0.0235 0.102787 0.894182 0 0 0 0 
0.02375 0.10118 0.90032 0 0 0 0 
0.024 0.0963696 0.918727 0 0 0 0 
ZONE I=5
0.024 0.0963696 0.918727 0 0 0 0 
0.02425 0.101177 0.900305 0 0 0 0 
0.0245 0.102776 0.894167 0 0 0 0 
0.02475 0.101168 0.900312 0 0 0 0 
0.025 0.096352 0.918741 0 0 0 0 
ZONE I=5
0.025 0.096352 0.918741 0 0 0 0 
0.02525 0.101164 0.900298 0 0 0 0 
0.0255 0.102765 0.894152 0 0 0 0 
0.02575 0.101155 0.900304 0 0 0 0 
0.026 0.0963343 0.918754 0 0 0 0 
ZONE I=5
0.026 0.0963343 0.918754 0 0 0 0 
0.02625 0.10115 0.900291 0 0 0 0 
0.0265 0.102753 0.894138 0 0 0 0 
0.02675 0.101141 0.900297 0 0 0 0 
0.027 0.0963165 0.918767 0 0 0 0 
ZONE I=5
0.027 0.0963165 0.918767 0 0 0 0 
0.02725 0.101137 0.900284 0 0 0 0 
0.0275 0.102741 0.894125 0 0 0 0 
0.02775 0.101128 0.90029 0 0 0 0 
0.028 0.0962986 0.918779 0 0 0 0 
ZONE I=5
0.028 0.0962986 0.918779 0 0 0 0 
0.02825 0.101123 0.900277 0 0 0 0 
0.0285 0.102728 0.894112 0 0 0 0 
0.02875 0.101114 0.900283 0 0 0 0 
0.029 0.0962806 0.918791 0 0 0 0 
ZONE I=5
0.029 0.0962806 0.918791 0 0 0 0 
0.02925 0.101109 0.900271 0 0 0 0 
0.0295 0.102716 0.894099 0 0 0 0 
0.02975 0.1011 0.900277 0 0 0 0 
0.03 0.0962627 0.918802 0 0 0 0 
ZONE I=5
0.03 0.0962627 0.918802 0 0 0 0 
0.03025 0.101095 0.900265 0 0 0 0 
0.0305 0.102703 0.894087 0 0 0 0 
0.03075 0.101086 0.90027 0 0 0 0 
0.031 0.096245 0.918814 0 0 0 0 
ZONE I=5
0.031 0.096245 0.918814 0 0 0 0 
0.03125 0.101081 0.900259 0 0 0 0 
0.0315 0.10269 0.894075 0 0 0 0 
0.03175 0.101072 0.900264 0 0 0 0 
0.032 0.0962273 0.918824 0 0 0 0 
ZONE I=5
0.032 0.0962273 0.918824 0 0 0 0 
0.03225 0.101067 0.900253 0 0 0 0 
0.0325 0.102677 0.894064 0 0 0 0 
0.03275 0.101058 0.900258 0 0 0 0 
0.033 0.0962098 0.918835 0 0 0 0 
ZONE I=5
0.033 0.0962098 0.918835 0 0 0 0 
0.03325 0.101053 0.900247 0 0 0 0 
0.0335 0.102664 0.894053 0 0 0 0 
0.03375 0.101044 0.900253 0 0 0 0 
0.034 0.0961926 0.918846 0 0 0 0 
ZONE I=5
0.034 0.0961926 0.918846 0 0 0 0 
0.03425 0.101039 0.900242 0 0 0 0 
0.0345 0.102652 0.894043 0 0 0 0 
0.03475 0.101031 0.900247 0 0 0 0 
0.035 0.0961757 0.918856 0 0 0 0 
ZONE I=5
0.035 0.0961757 0.918856 0 0 0 0 
0.03525 0.101025 0.900237 0 0 0 0 
0.0355 0.102639 0.894033 0 0 0 0 
0.03575 0.101017 0.900242 0 0 0 0 
0.036 0.0961591 0.918866 0 0 0 0 
ZONE I=5
0.036 0.0961591 0.918866 0 0 0 0 
0.03625 0.101012 0.900232 0 0 0 0 
0.0365 0.102627 0.894023 0 0 0 0 
0.03675 0.101004 0.900237 0 0 0 0 
0.037 0.0961428 0.918875 0 0 0 0 
ZONE I=5
0.037 0.0961428 0.918875 0 0 0 0 
0.03725 0.100999 0.900228 0 0 0 0 
0.0375 0.102615 0.894013 0 0 0 0 
0.03775 0.100991 0.900232 0 0 0 0 
0.038 0.096127 0.918885 0 0 0 0 
ZONE I=5
0.038 0.096127 0.918885 0 0 0 0 
0.03825 0.100986 0.900223 0 0 0 0 
0.0385 0.102603 0.894004 0 0 0 0 
0.03875 0.100978 0.900228 0 0 0 0 
0.039 0.0961116 0.918894 0 0 0 0 
ZONE I=5
0.039 0.0961116 0.918894 0 0 0 0 
0.03925 0.100974 0.900219 0 0 0 0 
0.0395 0.102592 0.893995 0 0 0 0 
0.03975 0.100966 0.900223 0 0 0 0 
0.04 0.0960968 0.918904 0 0 0 0 
ZONE I=5
0.04 0.0960968 0.918904 0 0 0 0 
0.04025 0.100962 0.900215 0 0 0 0 
0.0405 0.102581 0.893987 0 0 0 0 
0.04075 0.100955 0.900219 0 0 0 0 
0.041 0.0960824 0.918913 0 0 0 0 
ZONE I=5
0.041 0.0960824 0.918913 0 0 0 0 
0.04125 0.10095 0.900211 0 0 0 0 
0.0415 0.10257 0.893978 0 0 0 0 
0.04175 0.100943 0.900215 0 0 0 0 
0.042 0.0960686 0.918922 0 0 0 0 
ZONE I=5
0.042 0.0960686 0.918922 0 0 0 0 
0.04225 0.100939 0.900207 0 0 0 0 
0.0425 0.102561 0.89397 0 0 0 0 
0.04275 0.100933 0.900211 0 0 0 0 
0.043 0.0960554 0.91893 0 0 0 0 
ZONE I=5
0.043 0.0960554 0.91893 0 0 0 0 
0.04325 0.100929 0.900203 0 0 0 0 
0.0435 0.102551 0.893963 0 0 0 0 
0.04375 0.100923 0.900208 0 0 0 0 
0.044 0.0960428 0.918939 0 0 0 0 
ZONE I=5
0.044 0.0960428 0.918939 0 0 0 0 
0.04425 0.100919 0.9002 0 0 0 0 
0.0445 0.102542 0.893955 0 0 0 0 
0.04475 0.100913 0.900204 0 0 0 0 
0.045 0.0960309 0.918948 0 0 0 0 
ZONE I=5
0.045 0.0960309 0.918948 0 0 0 0 
0.04525 0.10091 0.900197 0 0 0 0 
0.0455 0.102534 0.893948 0 0 0 0 
0.04575 0.100904 0.900201 0 0 0 0 
0.046 0.0960196 0.918956 0 0 0 0 
ZONE I=5
0.046 0.0960196 0.918956 0 0 0 0 
0.04625 0.100901 0.900194 0 0 0 0 
0.0465 0.102527 0.893941 0 0 0 0 
0.04675 0.100896 0.900198 0 0 0 0 
0.047 0.0960089 0.918965 0 0 0 0 
ZONE I=5
0.047 0.0960089 0.918965 0 0 0 0 
0.04725 0.100893 0.900191 0 0 0 0 
0.0475 0.10252 0.893934 0 0 0 0 
0.04775 0.100888 0.900195 0 0 0 0 
0.048 0.095999 0.918973 0 0 0 0 
ZONE I=5
0.048 0.095999 0.918973 0 0 0 0 
0.04825 0.100886 0.900188 0 0 0 0 
0.0485 0.102513 0.893927 0 0 0 0 
0.04875 0.100881 0.900192 0 0 0 0 
0.049 0.0959899 0.918981 0 0 0 0 
ZONE I=5
0.049 0.0959899 0.918981 0 0 0 0 
0.04925 0.100879 0.900185 0 0 0 0 
0.0495 0.102508 0.893921 0 0 0 0 
0.04975 0.100875 0.900189 0 0 0 0 
0.05 0.0959814 0.918989 0 0 0 0 
ZONE I=5
0.05 0.0959814 0.918989 0 0 0 0 
0.05025 0.100874 0.900183 0 0 0 0 
0.0505 0.102503 0.893915 0 0 0 0 
0.05075 0.10087 0.900187 0 0 0 0 
0.051 0.0959738 0.918998 0 0 0 0 
ZONE I=5
0.051 0.0959738 0.918998 0 0 0 0 
0.05125 0.100868 0.90018 0 0 0 0 
0.0515 0.102499 0.893909 0 0 0 0 
0.05175 0.100865 0.900184 0 0 0 0 
0.052 0.0959669 0.919006 0 0 0 0 
ZONE I=5
0.052 0.0959669 0.919006 0 0 0 0 
0.05225 0.100864 0.900178 0 0 0 0 
0.0525 0.102496 0.893904 0 0 0 0 
0.05275 0.100861 0.900182 0 0 0 0 
0.053 0.0959608 0.919014 0 0 0 0 
ZONE I=5
0.053 0.0959608 0.919014 0 0 0 0 
0.05325 0.100861 0.900176 0 0 0 0 
0.0535 0.102493 0.893898 0 0 0 0 
0.05375 0.100858 0.90018 0 0 0 0 
0.054 0.0959555 0.919022 0 0 0 0 
ZONE I=5
0.054 0.0959555 0.919022 0 0 0 0 
0.05425 0.100858 0.900174 0 0 0 0 
0.0545 0.102491 0.893893 0 0 0 0 
0.05475 0.100856 0.900178 0 0 0 0 
0.055 0.095951 0.91903 0 0 0 0 
ZONE I=5
0.055 0.095951 0.91903 0 0 0 0 
0.05525 0.100856 0.900172 0 0 0 0 
0.0555 0.10249 0.893888 0 0 0 0 
0.05575 0.100854 0.900176 0 0 0 0 
0.056 0.0959473 0.919037 0 0 0 0 
ZONE I=5
0.056 0.0959473 0.919037 0 0 0 0 
0.05625 0.100855 0.900171 0 0 0 0 
0.0565 0.10249 0.893883 0 0 0 0 
0.05675 0.100853 0.900174 0 0 0 0 
0.057 0.0959445 0.919045 0 0 0 0 
ZONE I=5
0.057 0.0959445 0.919045 0 0 0 0 
0.05725 0.100855 0.900169 0 0 0 0 
0.0575 0.102491 0.893878 0 0 0 0 
0.05775 0.100854 0.900173 0 0 0 0 
0.058 0.0959425 0.919053 0 0 0 0 
ZONE I=5
0.058 0.0959425 0.919053 0 0 0 0 
0.05825 0.100855 0.900168 0 0 0 0 
0.0585 0.102493 0.893874 0 0 0 0 
0.05875 0.100855 0.900171 0 0 0 0 
0.059 0.0959414 0.919061 0 0 0 0 
ZONE I=5
0.059 0.0959414 0.919061 0 0 0 0 
0.05925 0.100857 0.900166 0 0 0 0 
0.0595 0.102495 0.893869 0 0 0 0 
0.05975 0.100856 0.90017 0 0 0 0 
0.06 0.0959411 0.919069 0 0 0 0 
ZONE I=5
0.06 0.0959411 0.919069 0 0 0 0 
0.06025 0.100859 0.900165 0 0 0 0 
0.0605 0.102498 0.893865 0 0 0 0 
0.06075 0.100859 0.900169 0 0 0 0 
0.061 0.0959417 0.919076 0 0 0 0 
ZONE I=5
0.061 0.0959417 0.919076 0 0 0 0 
0.06125 0.100862 0.900164 0 0 0 0 
0.0615 0.102502 0.893861 0 0 0 0 
0.06175 0.100863 0.900168 0 0 0 0 
0.062 0.0959432 0.919084 0 0 0 0 
ZONE I=5
0.062 0.0959432 0.919084 0 0 0 0 
0.06225 0.100866 0.900163 0 0 0 0 
0.0625 0.102508 0.893858 0 0 0 0 
0.06275 0.100867 0.900167 0 0 0 0 
0.063 0.0959455 0.919092 0 0 0 0 
ZONE I=5
0.063 0.0959455 0.919092 0 0 0 0 
0.06325 0.100871 0.900163 0 0 0 0 
0.0635 0.102513 0.893854 0 0 0 0 
0.06375 0.100873 0.900166 0 0 0 0 
0.064 0.0959487 0.9191 0 0 0 0 
ZONE I=5
0.064 0.0959487 0.9191 0 0 0 0 
0.06425 0.100877 0.900162 0 0 0 0 
0.0645 0.10252 0.893851 0 0 0 0 
0.06475 0.100879 0.900166 0 0 0 0 
0.065 0.0959527 0.919108 0 0 0 0 
ZONE I=5
0.065 0.0959527 0.919108 0 0 0 0 
0.06525 0.100883 0.900162 0 0 0 0 
0.0655 0.102528 0.893848 0 0 0 0 
0.06575 0.100886 0.900165 0 0 0 0 
0.066 0.0959576 0.919115 0 0 0 0 
ZONE I=5
0.066 0.0959576 0.919115 0 0 0 0 
0.06625 0.100891 0.900161 0 0 0 0 
0.0665 0.102536 0.893845 0 0 0 0 
0.06675 0.100894 0.900165 0 0 0 0 
0.067 0.0959634 0.919123 0 0 0 0 
ZONE I=5
0.067 0.0959634 0.919123 0 0 0 0 
0.06725 0.100899 0.900161 0 0 0 0 
0.0675 0.102546 0.893842 0 0 0 0 
0.06775 0.100903 0.900165 0 0 0 0 
0.068 0.09597 0.919131 0 0 0 0 
ZONE I=5
0.068 0.09597 0.919131 0 0 0 0 
0.06825 0.100909 0.900161 0 0 0 0 
0.0685 0.102556 0.893839 0 0 0 0 
0.06875 0.100912 0.900165 0 0 0 0 
0.069 0.0959774 0.919139 0 0 0 0 
ZONE I=5
0.069 0.0959774 0.919139 0 0 0 0 
0.06925 0.100919 0.900161 0 0 0 0 
0.0695 0.102567 0.893837 0 0 0 0 
0.06975 0.100923 0.900165 0 0 0 0 
0.07 0.0959856 0.919147 0 0 0 0 
ZONE I=5
0.07 0.0959856 0.919147 0 0 0 0 
0.07025 0.100929 0.900162 0 0 0 0 
0.0705 0.102579 0.893835 0 0 0 0 
0.07075 0.100934 0.900166 0 0 0 0 
0.071 0.0959946 0.919155 0 0 0 0 
ZONE I=5
0.071 0.0959946 0.919155 0 0 0 0 
0.07125 0.100941 0.900162 0 0 0 0 
0.0715 0.102592 0.893833 0 0 0 0 
0.07175 0.100946 0.900166 0 0 0 0 
0.072 0.0960043 0.919163 0 0 0 0 
ZONE I=5
0.072 0.0960043 0.919163 0 0 0 0 
0.07225 0.100953 0.900163 0 0 0 0 
0.0725 0.102605 0.893831 0 0 0 0 
0.07275 0.100959 0.900167 0 0 0 0 
0.073 0.0960147 0.919171 0 0 0 0 
ZONE I=5
0.073 0.0960147 0.919171 0 0 0 0 
0.07325 0.100967 0.900164 0 0 0 0 
0.0735 0.102619 0.89383 0 0 0 0 
0.07375 0.100972 0.900168 0 0 0 0 
0.074 0.0960259 0.91918 0 0 0 0 
ZONE I=5
0.074 0.0960259 0.91918 0 0 0 0 
0.07425 0.10098 0.900165 0 0 0 0 
0.0745 0.102634 0.893828 0 0 0 0 
0.07475 0.100986 0.900169 0 0 0 0 
0.075 0.0960377 0.919188 0 0 0 0 
ZONE I=5
0.075 0.0960377 0.919188 0 0 0 0 
0.07525 0.100995 0.900166 0 0 0 0 
0.0755 0.102649 0.893827 0 0 0 0 
0.07575 0.101001 0.900171 0 0 0 0 
0.076 0.09605 0.919196 0 0 0 0 
ZONE I=5
0.076 0.09605 0.919196 0 0 0 0 
0.07625 0.10101 0.900168 0 0 0 0 
0.0765 0.102665 0.893827 0 0 0 0 
0.07675 0.101016 0.900172 0 0 0 0 
0.077 0.096063 0.919205 0 0 0 0 
ZONE I=5
0.077 0.096063 0.919205 0 0 0 0 
0.07725 0.101025 0.90017 0 0 0 0 
0.0775 0.102681 0.893826 0 0 0 0 
0.07775 0.101032 0.900174 0 0 0 0 
0.078 0.0960764 0.919214 0 0 0 0 
ZONE I=5
0.078 0.0960764 0.919214 0 0 0 0 
0.07825 0.101041 0.900172 0 0 0 0 
0.0785 0.102698 0.893826 0 0 0 0 
0.07875 0.101048 0.900176 0 0 0 0 
0.079 0.0960902 0.919222 0 0 0 0 
ZONE I=5
0.079 0.0960902 0.919222 0 0 0 0 
0.07925 0.101058 0.900174 0 0 0 0 
0.0795 0.102716 0.893826 0 0 0 0 
0.07975 0.101065 0.900178 0 0 0 0 
0.08 0.0961045 0.919231 0 0 0 0 
ZONE I=5
0.08 0.0961045 0.919231 0 0 0 0 
0.08025 0.101074 0.900176 0 0 0 0 
0.0805 0.102733 0.893826 0 0 0 0 
0.08075 0.101082 0.900181 0 0 0 0 
0.081 0.096119 0.91924 0 0 0 0 
ZONE I=5
0.081 0.096119 0.91924 0 0 0 0 
0.08125 0.101091 0.900179 0 0 0 0 
0.0815 0.102751 0.893826 0 0 0 0 
0.08175 0.101099 0.900183 0 0 0 0 
0.082 0.0961337 0.91925 0 0 0 0 
ZONE I=5
0.082 0.0961337 0.91925 0 0 0 0 
0.08225 0.101109 0.900182 0 0 0 0 
0.0825 0.102769 0.893827 0 0 0 0 
0.08275 0.101116 0.900186 0 0 0 0 
0.083 0.0961486 0.919259 0 0 0 0 
ZONE I=5
0.083 0.0961486 0.919259 0 0 0 0 
0.08325 0.101126 0.900185 0 0 0 0 
0.0835 0.102788 0.893828 0 0 0 0 
0.08375 0.101133 0.900189 0 0 0 0 
0.084 0.0961636 0.919269 0 0 0 0 
ZONE I=5
0.084 0.0961636 0.919269 0 0 0 0 
0.08425 0.101143 0.900188 0 0 0 0 
0.0845 0.102806 0.893829 0 0 0 0 
0.08475 0.101151 0.900193 0 0 0 0 
0.085 0.0961786 0.919278 0 0 0 0 
ZONE I=5
0.085 0.0961786 0.919278 0 0 0 0 
0.08525 0.101161 0.900192 0 0 0 0 
0.0855 0.102824 0.893831 0 0 0 0 
0.08575 0.101168 0.900197 0 0 0 0 
0.086 0.0961936 0.919288 0 0 0 0 
ZONE I=5
0.086 0.0961936 0.919288 0 0 0 0 
0.08625 0.101178 0.900196 0 0 0 0 
0.0865 0.102842 0.893833 0 0 0 0 
0.08675 0.101185 0.900201 0 0 0 0 
0.087 0.0962084 0.919299 0 0 0 0 
ZONE I=5
0.087 0.0962084 0.919299 0 0 0 0 
0.08725 0.101195 0.9002 0 0 0 0 
0.0875 0.10286 0.893835 0 0 0 0 
0.08775 0.101202 0.900205 0 0 0 0 
0.088 0.096223 0.919309 0 0 0 0 
ZONE I=5
0.088 0.096223 0.919309 0 0 0 0 
0.08825 0.101212 0.900204 0 0 0 0 
0.0885 0.102877 0.893838 0 0 0 0 
0.08875 0.101219 0.90021 0 0 0 0 
0.089 0.0962373 0.91932 0 0 0 0 
ZONE I=5
0.089 0.0962373 0.91932 0 0 0 0 
0.08925 0.101228 0.900209 0 0 0 0 
0.0895 0.102894 0.893841 0 0 0 0 
0.08975 0.101235 0.900215 0 0 0 0 
0.09 0.0962513 0.91933 0 0 0 0 
ZONE I=5
0.09 0.0962513 0.91933 0 0 0 0 
0.09025 0.101244 0.900214 0 0 0 0 
0.0905 0.102911 0.893844 0 0 0 0 
0.09075 0.101251 0.90022 0 0 0 0 
0.091 0.096265 0.919342 0 0 0 0 
ZONE I=5
0.091 0.096265 0.919342 0 0 0 0 
0.09125 0.10126 0.90022 0 0 0 0 
0.0915 0.102927 0.893848 0 0 0 0 
0.09175 0.101267 0.900225 0 0 0 0 
0.092 0.0962782 0.919353 0 0 0 0 
ZONE I=5
0.092 0.0962782 0.919353 0 0 0 0 
0.09225 0.101275 0.900225 0 0 0 0 
0.0925 0.102943 0.893852 0 0 0 0 
0.09275 0.101282 0.900231 0 0 0 0 
0.093 0.096291 0.919365 0 0 0 0 
ZONE I=5
0.093 0.096291 0.919365 0 0 0 0 
0.09325 0.10129 0.900231 0 0 0 0 
0.0935 0.102958 0.893856 0 0 0 0 
0.09375 0.101296 0.900238 0 0 0 0 
0.094 0.0963031 0.919377 0 0 0 0 
ZONE I=5
0.094 0.0963031 0.919377 0 0 0 0 
0.09425 0.101304 0.900237 0 0 0 0 
0.0945 0.102973 0.89386 0 0 0 0 
0.09475 0.10131 0.900246 0 0 0 0 
0.095 0.0963135 0.919395 0 0 0 0 
ZONE I=5
0.095 0.0963135 0.919395 0 0 0 0 
0.09525 0.10132 0.900237 0 0 0 0 
0.0955 0.102989 0.89386 0 0 0 0 
0.09575 0.101321 0.900263 0 0 0 0 
0.096 0.0963153 0.919446 0 0 0 0 
ZONE I=5
0.096 0.0963153 0.919446 0 0 0 0 
0.09625 0.101343 0.900203 0 0 0 0 
0.0965 0.103011 0.893832 0 0 0 0 
0.09675 0.101317 0.900335 0 0 0 0 
0.097 0.0962638 0.919711 0 0 0 0 
ZONE I=5
0.097 0.0962638 0.919711 0 0 0 0 
0.09725 0.101422 0.899942 0 0 0 0 
0.0975 0.103075 0.893626 0 0 0 0 
0.09775 0.101225 0.900763 0 0 0 0 
0.098 0.0958704 0.921353 0 0 0 0 
ZONE I=5
0.098 0.0958704 0.921353 0 0 0 0 
0.09825 0.101845 0.898212 0 0 0 0 
0.0985 0.103415 0.892256 0 0 0 0 
0.09875 0.10058 0.903487 0 0 0 0 
0.099 0.0933386 0.931905 0 0 0 0 
ZONE I=5
0.099 0.0933386 0.931905 0 0 0 0 
0.09925 0.104051 0.88698 0 0 0 0 
0.0995 0.105286 0.883354 0 0 0 0 
0.09975 0.0970451 0.921028 0 0 0 0 
0.1 0.0793271 1 0 0 0 0 
