ZONE I=5
0 0.0597431 1 0 0 0 0 
0.00025 0.0910909 0.86171 0 0 0 0 
0.0005 0.106613 0.79073 0 0 0 0 
0.00075 0.106309 0.78706 0 0 0 0 
0.001 0.0901797 0.8507 0 0 0 0 
ZONE I=5
0.001 0.0901797 0.8507 0 0 0 0 
0.00125 0.099279 0.820773 0 0 0 0 
0.0015 0.103282 0.807435 0 0 0 0 
0.00175 0.102189 0.810685 0 0 0 0 
0.002 0.096 0.830523 0 0 0 0 
ZONE I=5
0.002 0.096 0.830523 0 0 0 0 
0.00225 0.100873 0.815244 0 0 0 0 
0.0025 0.102634 0.809698 0 0 0 0 
0.00275 0.101285 0.813888 0 0 0 0 
0.003 0.0968251 0.827811 0 0 0 0 
ZONE I=5
0.003 0.0968251 0.827811 0 0 0 0 
0.00325 0.101109 0.81446 0 0 0 0 
0.0035 0.102552 0.809959 0 0 0 0 
0.00375 0.101153 0.814309 0 0 0 0 
0.004 0.0969127 0.827509 0 0 0 0 
ZONE I=5
0.004 0.0969127 0.827509 0 0 0 0 
0.00425 0.101141 0.814341 0 0 0 0 
0.0045 0.102549 0.809954 0 0 0 0 
0.00475 0.101136 0.814348 0 0 0 0 
0.005 0.0969028 0.827523 0 0 0 0 
ZONE I=5
0.005 0.0969028 0.827523 0 0 0 0 
0.00525 0.101144 0.814314 0 0 0 0 
0.0055 0.102554 0.809919 0 0 0 0 
0.00575 0.101134 0.814337 0 0 0 0 
0.006 0.0968828 0.827569 0 0 0 0 
ZONE I=5
0.006 0.0968828 0.827569 0 0 0 0 
0.00625 0.101143 0.8143 0 0 0 0 
0.0065 0.102559 0.809884 0 0 0 0 
0.00675 0.101133 0.814322 0 0 0 0 
0.007 0.0968638 0.827612 0 0 0 0 
ZONE I=5
0.007 0.0968638 0.827612 0 0 0 0 
0.00725 0.101141 0.814288 0 0 0 0 
0.0075 0.102564 0.809853 0 0 0 0 
0.00775 0.101132 0.814307 0 0 0 0 
0.008 0.0968466 0.827649 0 0 0 0 
ZONE I=5
0.008 0.0968466 0.827649 0 0 0 0 
0.00825 0.101139 0.814276 0 0 0 0 
0.0085 0.102567 0.809824 0 0 0 0 
0.00875 0.101131 0.814292 0 0 0 0 
0.009 0.096831 0.827681 0 0 0 0 
ZONE I=5
0.009 0.096831 0.827681 0 0 0 0 
0.00925 0.101137 0.814265 0 0 0 0 
0.0095 0.102569 0.809797 0 0 0 0 
0.00975 0.101129 0.814279 0 0 0 0 
0.01 0.0968167 0.827709 0 0 0 0 
ZONE I=5
0.01 0.0968167 0.827709 0 0 0 0 
0.01025 0.101134 0.814253 0 0 0 0 
0.0105 0.102571 0.809773 0 0 0 0 
0.01075 0.101128 0.814266 0 0 0 0 
0.011 0.0968033 0.827733 0 0 0 0 
ZONE I=5
0.011 0.0968033 0.827733 0 0 0 0 
0.01125 0.101132 0.814242 0 0 0 0 
0.0115 0.102573 0.809749 0 0 0 0 
0.01175 0.101126 0.814253 0 0 0 0 
0.012 0.0967907 0.827755 0 0 0 0 
ZONE I=5
0.012 0.0967907 0.827755 0 0 0 0 
0.01225 0.10113 0.814231 0 0 0 0 
0.0125 0.102574 0.809727 0 0 0 0 
0.01275 0.101124 0.814241 0 0 0 0 
0.013 0.0967789 0.827774 0 0 0 0 
ZONE I=5
0.013 0.0967789 0.827774 0 0 0 0 
0.01325 0.101127 0.814221 0 0 0 0 
0.0135 0.102575 0.809706 0 0 0 0 
0.01375 0.101122 0.81423 0 0 0 0 
0.014 0.0967676 0.827792 0 0 0 0 
ZONE I=5
0.014 0.0967676 0.827792 0 0 0 0 
0.01425 0.101125 0.81421 0 0 0 0 
0.0145 0.102575 0.809686 0 0 0 0 
0.01475 0.101119 0.814218 0 0 0 0 
0.015 0.0967568 0.827808 0 0 0 0 
ZONE I=5
0.015 0.0967568 0.827808 0 0 0 0 
0.01525 0.101122 0.8142 0 0 0 0 
0.0155 0.102575 0.809667 0 0 0 0 
0.01575 0.101117 0.814207 0 0 0 0 
0.016 0.0967465 0.827822 0 0 0 0 
ZONE I=5
0.016 0.0967465 0.827822 0 0 0 0 
0.01625 0.101119 0.81419 0 0 0 0 
0.0165 0.102575 0.809648 0 0 0 0 
0.01675 0.101114 0.814197 0 0 0 0 
0.017 0.0967365 0.827836 0 0 0 0 
ZONE I=5
0.017 0.0967365 0.827836 0 0 0 0 
0.01725 0.101116 0.81418 0 0 0 0 
0.0175 0.102575 0.80963 0 0 0 0 
0.01775 0.101112 0.814186 0 0 0 0 
0.018 0.0967268 0.827848 0 0 0 0 
ZONE I=5
0.018 0.0967268 0.827848 0 0 0 0 
0.01825 0.101113 0.81417 0 0 0 0 
0.0185 0.102574 0.809613 0 0 0 0 
0.01875 0.101109 0.814176 0 0 0 0 
0.019 0.0967175 0.827859 0 0 0 0 
ZONE I=5
0.019 0.0967175 0.827859 0 0 0 0 
0.01925 0.101111 0.814161 0 0 0 0 
0.0195 0.102573 0.809597 0 0 0 0 
0.01975 0.101106 0.814166 0 0 0 0 
0.02 0.0967084 0.82787 0 0 0 0 
ZONE I=5
0.02 0.0967084 0.82787 0 0 0 0 
0.02025 0.101108 0.814152 0 0 0 0 
0.0205 0.102572 0.809581 0 0 0 0 
0.02075 0.101103 0.814156 0 0 0 0 
0.021 0.0966995 0.827879 0 0 0 0 
ZONE I=5
0.021 0.0966995 0.827879 0 0 0 0 
0.02125 0.101104 0.814143 0 0 0 0 
0.0215 0.102571 0.809565 0 0 0 0 
0.02175 0.1011 0.814147 0 0 0 0 
0.022 0.0966909 0.827889 0 0 0 0 
ZONE I=5
0.022 0.0966909 0.827889 0 0 0 0 
0.02225 0.101101 0.814134 0 0 0 0 
0.0225 0.10257 0.80955 0 0 0 0 
0.02275 0.101097 0.814138 0 0 0 0 
0.023 0.0966824 0.827897 0 0 0 0 
ZONE I=5
0.023 0.0966824 0.827897 0 0 0 0 
0.02325 0.101098 0.814125 0 0 0 0 
0.0235 0.102569 0.809536 0 0 0 0 
0.02375 0.101094 0.814129 0 0 0 0 
0.024 0.0966742 0.827905 0 0 0 0 
ZONE I=5
0.024 0.0966742 0.827905 0 0 0 0 
0.02425 0.101095 0.814117 0 0 0 0 
0.0245 0.102567 0.809522 0 0 0 0 
0.02475 0.101091 0.81412 0 0 0 0 
0.025 0.0966661 0.827913 0 0 0 0 
ZONE I=5
0.025 0.0966661 0.827913 0 0 0 0 
0.02525 0.101092 0.814108 0 0 0 0 
0.0255 0.102566 0.809508 0 0 0 0 
0.02575 0.101088 0.814112 0 0 0 0 
0.026 0.0966582 0.82792 0 0 0 0 
ZONE I=5
0.026 0.0966582 0.82792 0 0 0 0 
0.02625 0.101089 0.8141 0 0 0 0 
0.0265 0.102564 0.809495 0 0 0 0 
0.02675 0.101085 0.814104 0 0 0 0 
0.027 0.0966505 0.827927 0 0 0 0 
ZONE I=5
0.027 0.0966505 0.827927 0 0 0 0 
0.02725 0.101086 0.814092 0 0 0 0 
0.0275 0.102563 0.809482 0 0 0 0 
0.02775 0.101082 0.814096 0 0 0 0 
0.028 0.096643 0.827934 0 0 0 0 
ZONE I=5
0.028 0.096643 0.827934 0 0 0 0 
0.02825 0.101082 0.814085 0 0 0 0 
0.0285 0.102561 0.80947 0 0 0 0 
0.02875 0.101079 0.814088 0 0 0 0 
0.029 0.0966356 0.82794 0 0 0 0 
ZONE I=5
0.029 0.0966356 0.82794 0 0 0 0 
0.02925 0.101079 0.814077 0 0 0 0 
0.0295 0.102559 0.809457 0 0 0 0 
0.02975 0.101076 0.81408 0 0 0 0 
0.03 0.0966284 0.827946 0 0 0 0 
ZONE I=5
0.03 0.0966284 0.827946 0 0 0 0 
0.03025 0.101076 0.81407 0 0 0 0 
0.0305 0.102557 0.809446 0 0 0 0 
0.03075 0.101073 0.814073 0 0 0 0 
0.031 0.0966213 0.827952 0 0 0 0 
ZONE I=5
0.031 0.0966213 0.827952 0 0 0 0 
0.03125 0.101073 0.814063 0 0 0 0 
0.0315 0.102556 0.809435 0 0 0 0 
0.03175 0.10107 0.814066 0 0 0 0 
0.032 0.0966144 0.827958 0 0 0 0 
ZONE I=5
0.032 0.0966144 0.827958 0 0 0 0 
0.03225 0.10107 0.814056 0 0 0 0 
0.0325 0.102554 0.809424 0 0 0 0 
0.03275 0.101067 0.814059 0 0 0 0 
0.033 0.0966077 0.827963 0 0 0 0 
ZONE I=5
0.033 0.0966077 0.827963 0 0 0 0 
0.03325 0.101067 0.81405 0 0 0 0 
0.0335 0.102552 0.809413 0 0 0 0 
0.03375 0.101064 0.814053 0 0 0 0 
0.034 0.0966012 0.827969 0 0 0 0 
ZONE I=5
0.034 0.0966012 0.827969 0 0 0 0 
0.03425 0.101064 0.814044 0 0 0 0 
0.0345 0.102551 0.809403 0 0 0 0 
0.03475 0.101061 0.814046 0 0 0 0 
0.035 0.0965948 0.827974 0 0 0 0 
ZONE I=5
0.035 0.0965948 0.827974 0 0 0 0 
0.03525 0.101061 0.814037 0 0 0 0 
0.0355 0.102549 0.809393 0 0 0 0 
0.03575 0.101058 0.81404 0 0 0 0 
0.036 0.0965886 0.827979 0 0 0 0 
ZONE I=5
0.036 0.0965886 0.827979 0 0 0 0 
0.03625 0.101058 0.814032 0 0 0 0 
0.0365 0.102547 0.809383 0 0 0 0 
0.03675 0.101055 0.814034 0 0 0 0 
0.037 0.0965827 0.827985 0 0 0 0 
ZONE I=5
0.037 0.0965827 0.827985 0 0 0 0 
0.03725 0.101056 0.814026 0 0 0 0 
0.0375 0.102546 0.809374 0 0 0 0 
0.03775 0.101053 0.814028 0 0 0 0 
0.038 0.0965769 0.82799 0 0 0 0 
ZONE I=5
0.038 0.0965769 0.82799 0 0 0 0 
0.03825 0.101053 0.81402 0 0 0 0 
0.0385 0.102544 0.809365 0 0 0 0 
0.03875 0.10105 0.814023 0 0 0 0 
0.039 0.0965713 0.827995 0 0 0 0 
ZONE I=5
0.039 0.0965713 0.827995 0 0 0 0 
0.03925 0.101051 0.814015 0 0 0 0 
0.0395 0.102543 0.809356 0 0 0 0 
0.03975 0.101048 0.814018 0 0 0 0 
0.04 0.0965659 0.828 0 0 0 0 
ZONE I=5
0.04 0.0965659 0.828 0 0 0 0 
0.04025 0.101048 0.81401 0 0 0 0 
0.0405 0.102542 0.809348 0 0 0 0 
0.04075 0.101046 0.814013 0 0 0 0 
0.041 0.0965607 0.828005 0 0 0 0 
ZONE I=5
0.041 0.0965607 0.828005 0 0 0 0 
0.04125 0.101046 0.814005 0 0 0 0 
0.0415 0.102541 0.80934 0 0 0 0 
0.04175 0.101044 0.814008 0 0 0 0 
0.042 0.0965558 0.82801 0 0 0 0 
ZONE I=5
0.042 0.0965558 0.82801 0 0 0 0 
0.04225 0.101044 0.814001 0 0 0 0 
0.0425 0.10254 0.809332 0 0 0 0 
0.04275 0.101042 0.814003 0 0 0 0 
0.043 0.0965511 0.828015 0 0 0 0 
ZONE I=5
0.043 0.0965511 0.828015 0 0 0 0 
0.04325 0.101043 0.813997 0 0 0 0 
0.0435 0.102539 0.809325 0 0 0 0 
0.04375 0.10104 0.813999 0 0 0 0 
0.044 0.0965466 0.82802 0 0 0 0 
ZONE I=5
0.044 0.0965466 0.82802 0 0 0 0 
0.04425 0.101041 0.813992 0 0 0 0 
0.0445 0.102538 0.809317 0 0 0 0 
0.04475 0.101039 0.813995 0 0 0 0 
0.045 0.0965423 0.828025 0 0 0 0 
ZONE I=5
0.045 0.0965423 0.828025 0 0 0 0 
0.04525 0.101039 0.813989 0 0 0 0 
0.0455 0.102538 0.809311 0 0 0 0 
0.04575 0.101038 0.813991 0 0 0 0 
0.046 0.0965383 0.82803 0 0 0 0 
ZONE I=5
0.046 0.0965383 0.82803 0 0 0 0 
0.04625 0.101038 0.813985 0 0 0 0 
0.0465 0.102538 0.809304 0 0 0 0 
0.04675 0.101036 0.813987 0 0 0 0 
0.047 0.0965346 0.828035 0 0 0 0 
ZONE I=5
0.047 0.0965346 0.828035 0 0 0 0 
0.04725 0.101037 0.813981 0 0 0 0 
0.0475 0.102537 0.809298 0 0 0 0 
0.04775 0.101035 0.813984 0 0 0 0 
0.048 0.0965311 0.82804 0 0 0 0 
ZONE I=5
0.048 0.0965311 0.82804 0 0 0 0 
0.04825 0.101036 0.813978 0 0 0 0 
0.0485 0.102538 0.809292 0 0 0 0 
0.04875 0.101035 0.813981 0 0 0 0 
0.049 0.0965279 0.828045 0 0 0 0 
ZONE I=5
0.049 0.0965279 0.828045 0 0 0 0 
0.04925 0.101036 0.813975 0 0 0 0 
0.0495 0.102538 0.809286 0 0 0 0 
0.04975 0.101034 0.813978 0 0 0 0 
0.05 0.096525 0.82805 0 0 0 0 
ZONE I=5
0.05 0.096525 0.82805 0 0 0 0 
0.05025 0.101035 0.813972 0 0 0 0 
0.0505 0.102538 0.80928 0 0 0 0 
0.05075 0.101034 0.813975 0 0 0 0 
0.051 0.0965223 0.828056 0 0 0 0 
ZONE I=5
0.051 0.0965223 0.828056 0 0 0 0 
0.05125 0.101035 0.81397 0 0 0 0 
0.0515 0.102539 0.809275 0 0 0 0 
0.05175 0.101034 0.813972 0 0 0 0 
0.052 0.0965199 0.828061 0 0 0 0 
ZONE I=5
0.052 0.0965199 0.828061 0 0 0 0 
0.05225 0.101035 0.813967 0 0 0 0 
0.0525 0.10254 0.80927 0 0 0 0 
0.05275 0.101034 0.81397 0 0 0 0 
0.053 0.0965178 0.828066 0 0 0 0 
ZONE I=5
0.053 0.0965178 0.828066 0 0 0 0 
0.05325 0.101036 0.813965 0 0 0 0 
0.0535 0.102541 0.809266 0 0 0 0 
0.05375 0.101035 0.813968 0 0 0 0 
0.054 0.096516 0.828072 0 0 0 0 
ZONE I=5
0.054 0.096516 0.828072 0 0 0 0 
0.05425 0.101036 0.813963 0 0 0 0 
0.0545 0.102543 0.809261 0 0 0 0 
0.05475 0.101036 0.813966 0 0 0 0 
0.055 0.0965145 0.828078 0 0 0 0 
ZONE I=5
0.055 0.0965145 0.828078 0 0 0 0 
0.05525 0.101037 0.813962 0 0 0 0 
0.0555 0.102545 0.809257 0 0 0 0 
0.05575 0.101037 0.813965 0 0 0 0 
0.056 0.0965132 0.828083 0 0 0 0 
ZONE I=5
0.056 0.0965132 0.828083 0 0 0 0 
0.05625 0.101038 0.81396 0 0 0 0 
0.0565 0.102546 0.809254 0 0 0 0 
0.05675 0.101038 0.813963 0 0 0 0 
0.057 0.0965123 0.828089 0 0 0 0 
ZONE I=5
0.057 0.0965123 0.828089 0 0 0 0 
0.05725 0.10104 0.813959 0 0 0 0 
0.0575 0.102549 0.80925 0 0 0 0 
0.05775 0.101039 0.813962 0 0 0 0 
0.058 0.0965117 0.828095 0 0 0 0 
ZONE I=5
0.058 0.0965117 0.828095 0 0 0 0 
0.05825 0.101041 0.813958 0 0 0 0 
0.0585 0.102551 0.809247 0 0 0 0 
0.05875 0.101041 0.813961 0 0 0 0 
0.059 0.0965113 0.828101 0 0 0 0 
ZONE I=5
0.059 0.0965113 0.828101 0 0 0 0 
0.05925 0.101043 0.813957 0 0 0 0 
0.0595 0.102554 0.809244 0 0 0 0 
0.05975 0.101043 0.81396 0 0 0 0 
0.06 0.0965112 0.828107 0 0 0 0 
ZONE I=5
0.06 0.0965112 0.828107 0 0 0 0 
0.06025 0.101045 0.813957 0 0 0 0 
0.0605 0.102557 0.809241 0 0 0 0 
0.06075 0.101045 0.81396 0 0 0 0 
0.061 0.0965115 0.828113 0 0 0 0 
ZONE I=5
0.061 0.0965115 0.828113 0 0 0 0 
0.06125 0.101048 0.813957 0 0 0 0 
0.0615 0.10256 0.809239 0 0 0 0 
0.06175 0.101048 0.81396 0 0 0 0 
0.062 0.096512 0.82812 0 0 0 0 
ZONE I=5
0.062 0.096512 0.82812 0 0 0 0 
0.06225 0.101051 0.813956 0 0 0 0 
0.0625 0.102564 0.809237 0 0 0 0 
0.06275 0.101051 0.81396 0 0 0 0 
0.063 0.0965128 0.828126 0 0 0 0 
ZONE I=5
0.063 0.0965128 0.828126 0 0 0 0 
0.06325 0.101054 0.813957 0 0 0 0 
0.0635 0.102567 0.809235 0 0 0 0 
0.06375 0.101054 0.81396 0 0 0 0 
0.064 0.0965139 0.828133 0 0 0 0 
ZONE I=5
0.064 0.0965139 0.828133 0 0 0 0 
0.06425 0.101057 0.813957 0 0 0 0 
0.0645 0.102571 0.809233 0 0 0 0 
0.06475 0.101057 0.81396 0 0 0 0 
0.065 0.0965153 0.82814 0 0 0 0 
ZONE I=5
0.065 0.0965153 0.82814 0 0 0 0 
0.06525 0.10106 0.813958 0 0 0 0 
0.0655 0.102575 0.809232 0 0 0 0 
0.06575 0.101061 0.813961 0 0 0 0 
0.066 0.0965169 0.828146 0 0 0 0 
ZONE I=5
0.066 0.0965169 0.828146 0 0 0 0 
0.06625 0.101064 0.813959 0 0 0 0 
0.0665 0.10258 0.809231 0 0 0 0 
0.06675 0.101065 0.813962 0 0 0 0 
0.067 0.0965189 0.828154 0 0 0 0 
ZONE I=5
0.067 0.0965189 0.828154 0 0 0 0 
0.06725 0.101068 0.81396 0 0 0 0 
0.0675 0.102585 0.80923 0 0 0 0 
0.06775 0.101069 0.813963 0 0 0 0 
0.068 0.0965211 0.828161 0 0 0 0 
ZONE I=5
0.068 0.0965211 0.828161 0 0 0 0 
0.06825 0.101072 0.813961 0 0 0 0 
0.0685 0.10259 0.809229 0 0 0 0 
0.06875 0.101073 0.813965 0 0 0 0 
0.069 0.0965235 0.828168 0 0 0 0 
ZONE I=5
0.069 0.0965235 0.828168 0 0 0 0 
0.06925 0.101077 0.813963 0 0 0 0 
0.0695 0.102595 0.809229 0 0 0 0 
0.06975 0.101078 0.813967 0 0 0 0 
0.07 0.0965263 0.828176 0 0 0 0 
ZONE I=5
0.07 0.0965263 0.828176 0 0 0 0 
0.07025 0.101081 0.813965 0 0 0 0 
0.0705 0.1026 0.809229 0 0 0 0 
0.07075 0.101083 0.813969 0 0 0 0 
0.071 0.0965292 0.828183 0 0 0 0 
ZONE I=5
0.071 0.0965292 0.828183 0 0 0 0 
0.07125 0.101086 0.813967 0 0 0 0 
0.0715 0.102606 0.809229 0 0 0 0 
0.07175 0.101088 0.813971 0 0 0 0 
0.072 0.0965325 0.828191 0 0 0 0 
ZONE I=5
0.072 0.0965325 0.828191 0 0 0 0 
0.07225 0.101092 0.813969 0 0 0 0 
0.0725 0.102612 0.80923 0 0 0 0 
0.07275 0.101093 0.813973 0 0 0 0 
0.073 0.0965359 0.828199 0 0 0 0 
ZONE I=5
0.073 0.0965359 0.828199 0 0 0 0 
0.07325 0.101097 0.813972 0 0 0 0 
0.0735 0.102618 0.809231 0 0 0 0 
0.07375 0.101099 0.813976 0 0 0 0 
0.074 0.0965396 0.828207 0 0 0 0 
ZONE I=5
0.074 0.0965396 0.828207 0 0 0 0 
0.07425 0.101103 0.813975 0 0 0 0 
0.0745 0.102624 0.809232 0 0 0 0 
0.07475 0.101105 0.813979 0 0 0 0 
0.075 0.0965435 0.828216 0 0 0 0 
ZONE I=5
0.075 0.0965435 0.828216 0 0 0 0 
0.07525 0.101108 0.813978 0 0 0 0 
0.0755 0.102631 0.809234 0 0 0 0 
0.07575 0.101111 0.813982 0 0 0 0 
0.076 0.0965477 0.828224 0 0 0 0 
ZONE I=5
0.076 0.0965477 0.828224 0 0 0 0 
0.07625 0.101114 0.813981 0 0 0 0 
0.0765 0.102637 0.809235 0 0 0 0 
0.07675 0.101117 0.813986 0 0 0 0 
0.077 0.096552 0.828233 0 0 0 0 
ZONE I=5
0.077 0.096552 0.828233 0 0 0 0 
0.07725 0.101121 0.813985 0 0 0 0 
0.0775 0.102644 0.809237 0 0 0 0 
0.07775 0.101123 0.81399 0 0 0 0 
0.078 0.0965566 0.828242 0 0 0 0 
ZONE I=5
0.078 0.0965566 0.828242 0 0 0 0 
0.07825 0.101127 0.813989 0 0 0 0 
0.0785 0.102651 0.80924 0 0 0 0 
0.07875 0.101129 0.813994 0 0 0 0 
0.079 0.0965614 0.828251 0 0 0 0 
ZONE I=5
0.079 0.0965614 0.828251 0 0 0 0 
0.07925 0.101134 0.813993 0 0 0 0 
0.0795 0.102659 0.809242 0 0 0 0 
0.07975 0.101136 0.813998 0 0 0 0 
0.08 0.0965663 0.82826 0 0 0 0 
ZONE I=5
0.08 0.0965663 0.82826 0 0 0 0 
0.08025 0.10114 0.813998 0 0 0 0 
0.0805 0.102666 0.809245 0 0 0 0 
0.08075 0.101143 0.814003 0 0 0 0 
0.081 0.0965714 0.82827 0 0 0 0 
ZONE I=5
0.081 0.0965714 0.82827 0 0 0 0 
0.08125 0.101147 0.814003 0 0 0 0 
0.0815 0.102674 0.809248 0 0 0 0 
0.08175 0.10115 0.814007 0 0 0 0 
0.082 0.0965767 0.82828 0 0 0 0 
ZONE I=5
0.082 0.0965767 0.82828 0 0 0 0 
0.08225 0.101154 0.814008 0 0 0 0 
0.0825 0.102681 0.809252 0 0 0 0 
0.08275 0.101157 0.814013 0 0 0 0 
0.083 0.0965822 0.828289 0 0 0 0 
ZONE I=5
0.083 0.0965822 0.828289 0 0 0 0 
0.08325 0.101162 0.814013 0 0 0 0 
0.0835 0.102689 0.809256 0 0 0 0 
0.08375 0.101165 0.814018 0 0 0 0 
0.084 0.0965879 0.8283 0 0 0 0 
ZONE I=5
0.084 0.0965879 0.8283 0 0 0 0 
0.08425 0.101169 0.814019 0 0 0 0 
0.0845 0.102697 0.80926 0 0 0 0 
0.08475 0.101172 0.814024 0 0 0 0 
0.085 0.0965937 0.82831 0 0 0 0 
ZONE I=5
0.085 0.0965937 0.82831 0 0 0 0 
0.08525 0.101177 0.814024 0 0 0 0 
0.0855 0.102705 0.809264 0 0 0 0 
0.08575 0.10118 0.81403 0 0 0 0 
0.086 0.0965996 0.828321 0 0 0 0 
ZONE I=5
0.086 0.0965996 0.828321 0 0 0 0 
0.08625 0.101184 0.814031 0 0 0 0 
0.0865 0.102713 0.809269 0 0 0 0 
0.08675 0.101187 0.814036 0 0 0 0 
0.087 0.0966057 0.828332 0 0 0 0 
ZONE I=5
0.087 0.0966057 0.828332 0 0 0 0 
0.08725 0.101192 0.814037 0 0 0 0 
0.0875 0.102722 0.809274 0 0 0 0 
0.08775 0.101195 0.814043 0 0 0 0 
0.088 0.0966119 0.828343 0 0 0 0 
ZONE I=5
0.088 0.0966119 0.828343 0 0 0 0 
0.08825 0.1012 0.814044 0 0 0 0 
0.0885 0.10273 0.809279 0 0 0 0 
0.08875 0.101203 0.81405 0 0 0 0 
0.089 0.0966183 0.828354 0 0 0 0 
ZONE I=5
0.089 0.0966183 0.828354 0 0 0 0 
0.08925 0.101208 0.814051 0 0 0 0 
0.0895 0.102739 0.809285 0 0 0 0 
0.08975 0.101211 0.814057 0 0 0 0 
0.09 0.0966248 0.828365 0 0 0 0 
ZONE I=5
0.09 0.0966248 0.828365 0 0 0 0 
0.09025 0.101216 0.814058 0 0 0 0 
0.0905 0.102748 0.809291 0 0 0 0 
0.09075 0.101219 0.814064 0 0 0 0 
0.091 0.0966314 0.828377 0 0 0 0 
ZONE I=5
0.091 0.0966314 0.828377 0 0 0 0 
0.09125 0.101224 0.814066 0 0 0 0 
0.0915 0.102756 0.809298 0 0 0 0 
0.09175 0.101228 0.814072 0 0 0 0 
0.092 0.0966381 0.828389 0 0 0 0 
ZONE I=5
0.092 0.0966381 0.828389 0 0 0 0 
0.09225 0.101233 0.814074 0 0 0 0 
0.0925 0.102765 0.809304 0 0 0 0 
0.09275 0.101236 0.81408 0 0 0 0 
0.093 0.0966449 0.828402 0 0 0 0 
ZONE I=5
0.093 0.0966449 0.828402 0 0 0 0 
0.09325 0.101241 0.814082 0 0 0 0 
0.0935 0.102774 0.809311 0 0 0 0 
0.09375 0.101244 0.814089 0 0 0 0 
0.094 0.0966516 0.828415 0 0 0 0 
ZONE I=5
0.094 0.0966516 0.828415 0 0 0 0 
0.09425 0.10125 0.81409 0 0 0 0 
0.0945 0.102784 0.809318 0 0 0 0 
0.09475 0.101252 0.814099 0 0 0 0 
0.095 0.0966566 0.828435 0 0 0 0 
ZONE I=5
0.095 0.0966566 0.828435 0 0 0 0 
0.09525 0.101261 0.81409 0 0 0 0 
0.0955 0.102794 0.80932 0 0 0 0 
0.09575 0.101257 0.814123 0 0 0 0 
0.096 0.0966476 0.8285 0 0 0 0 
ZONE I=5
0.096 0.0966476 0.8285 0 0 0 0 
0.09625 0.101288 0.814038 0 0 0 0 
0.0965 0.102816 0.809285 0 0 0 0 
0.09675 0.101232 0.81424 0 0 0 0 
0.097 0.0965347 0.828905 0 0 0 0 
ZONE I=5
0.097 0.0965347 0.828905 0 0 0 0 
0.09725 0.101432 0.813595 0 0 0 0 
0.0975 0.102921 0.80897 0 0 0 0 
0.09775 0.101001 0.81503 0 0 0 0 
0.098 0.095672 0.831775 0 0 0 0 
ZONE I=5
0.098 0.095672 0.831775 0 0 0 0 
0.09825 0.102351 0.81033 0 0 0 0 
0.0985 0.103595 0.806614 0 0 0 0 
0.09875 0.0994042 0.820626 0 0 0 0 
0.099 0.0897777 0.852366 0 0 0 0 
ZONE I=5
0.099 0.0897777 0.852366 0 0 0 0 
0.09925 0.106479 0.786701 0 0 0 0 
0.0995 0.10704 0.789419 0 0 0 0 
0.09975 0.0914618 0.860518 0 0 0 0 
0.1 0.0597431 1 0 0 0 0 
